0 1
0 2
0 3
0 4
0 5
0 6
0 7
0 8
0 9
0 10
0 11
0 12
0 13
0 14
0 15
0 16
0 17
0 18
0 19
0 20
0 21
0 22
0 23
0 24
0 25
0 26
0 27
0 28
0 29
0 30
0 31
32 33
34 35
34 36
34 37
34 38
34 39
34 40
34 41
34 42
34 43
34 44
34 45
34 46
34 47
34 48
36 43
36 49
36 50
36 51
36 52
36 53
36 54
36 55
36 56
36 57
36 58
36 59
36 60
36 61
36 48
36 39
36 62
36 63
36 64
36 65
36 66
36 67
36 68
69 70
69 43
69 71
69 72
69 73
69 74
69 75
69 76
69 77
69 78
69 79
69 80
69 81
69 82
69 83
69 84
69 85
69 86
69 87
69 88
69 89
69 90
69 91
69 92
69 93
69 94
69 95
69 96
69 97
69 98
69 99
69 100
69 101
69 102
69 103
69 104
69 105
69 106
69 107
69 108
69 109
69 110
69 111
69 112
69 113
69 23
69 114
69 115
69 31
69 116
69 117
69 118
69 119
69 120
69 121
69 122
69 123
69 124
69 125
69 126
69 127
69 128
69 129
69 130
69 131
69 132
69 133
69 134
69 135
69 136
69 137
69 138
51 139
51 140
51 141
142 33
142 143
144 145
144 146
144 147
144 148
144 149
144 150
144 151
144 152
144 153
144 154
155 156
155 157
155 71
155 158
155 127
155 74
155 159
155 131
155 160
96 73
96 76
96 77
96 161
96 111
96 82
96 162
96 163
96 84
96 156
96 164
96 88
96 100
96 165
96 95
96 166
96 167
96 116
96 98
96 80
96 109
96 110
96 112
96 159
96 168
96 78
96 169
96 170
96 171
96 120
96 121
96 122
96 123
96 43
96 172
96 127
96 173
96 90
96 129
96 130
96 174
96 175
96 133
96 28
96 23
96 31
96 113
176 177
176 178
179 4
179 180
179 181
179 182
183 160
184 185
184 82
184 186
184 23
187 106
187 188
187 137
118 76
118 120
118 189
118 84
118 190
118 100
118 110
118 191
118 192
118 193
118 194
118 195
118 141
118 196
118 106
118 80
118 108
118 109
118 197
118 198
118 159
118 114
118 117
118 77
118 121
118 122
118 199
118 200
118 127
118 90
118 161
118 171
118 131
118 201
118 133
118 202
118 136
118 137
118 203
33 204
33 205
33 206
33 207
33 208
33 209
33 178
33 210
33 211
33 212
33 213
33 214
33 215
216 217
216 67
201 218
201 76
201 77
201 7
201 82
201 84
201 100
201 219
201 192
201 220
201 197
201 101
201 102
201 221
201 80
201 108
201 110
201 111
201 222
201 223
201 114
201 224
201 225
201 25
201 199
201 124
201 127
201 161
201 171
201 131
201 133
201 136
201 137
173 226
173 227
173 228
173 229
173 230
173 231
173 27
173 232
173 233
173 234
173 235
173 6
173 236
173 237
173 238
173 239
173 22
173 240
173 241
173 242
173 203
173 243
173 98
173 244
173 135
173 245
173 246
246 247
246 248
246 249
246 24
246 4
250 251
252 253
252 248
254 255
254 82
254 256
254 257
254 258
259 260
259 43
259 261
259 262
259 263
259 82
259 84
259 264
265 266
265 267
265 268
265 269
265 180
265 270
265 271
265 272
265 273
265 274
265 230
265 275
265 276
265 277
278 279
278 3
278 280
278 20
278 24
278 281
278 13
278 282
278 26
278 181
278 29
278 230
278 10
278 283
278 284
285 20
285 286
285 287
285 288
285 230
285 289
290 156
290 87
290 80
290 108
290 291
290 161
290 168
290 171
290 133
290 292
290 293
290 77
290 122
294 27
294 1
294 8
294 295
294 296
294 20
294 297
294 257
294 298
294 299
294 5
294 300
294 301
294 282
294 9
294 10
294 202
302 303
302 304
302 305
302 94
302 158
302 132
302 136
82 306
82 307
82 308
82 309
82 310
82 311
82 312
82 81
82 189
82 313
82 85
82 164
82 128
82 314
82 315
82 316
82 256
82 257
82 317
82 14
82 318
82 319
82 97
82 320
82 95
82 321
82 104
82 322
82 323
82 324
82 325
82 326
82 327
82 328
82 159
82 329
82 330
82 120
82 331
82 332
82 124
82 333
82 202
82 334
82 335
82 127
82 161
82 336
82 337
82 338
82 339
82 136
82 340
82 341
82 342
82 343
82 344
82 345
82 346
82 347
82 284
82 348
82 171
82 349
82 162
82 163
82 121
82 350
82 351
82 352
82 353
82 12
82 354
82 355
82 356
82 357
82 116
82 358
82 359
82 360
82 361
82 362
82 236
82 109
82 363
82 364
82 111
82 365
82 366
82 169
82 367
82 368
82 369
82 190
82 224
82 370
82 119
82 240
82 371
82 291
82 372
82 199
82 373
82 200
82 134
82 374
82 375
82 172
82 376
82 377
82 100
82 130
82 378
82 379
82 380
82 381
82 249
82 135
82 382
82 383
82 384
82 218
82 385
82 386
82 73
82 387
82 388
82 77
82 389
82 390
82 255
82 391
82 2
82 392
82 393
82 394
82 84
82 87
82 211
82 395
82 396
82 90
82 397
82 92
82 191
82 193
82 398
82 99
82 399
82 400
82 401
82 402
82 403
82 105
82 404
82 405
82 406
82 407
82 167
82 408
82 409
82 410
82 23
82 223
82 411
82 115
82 76
82 412
82 125
82 413
82 122
82 414
82 415
82 416
82 417
82 418
82 419
82 420
82 262
82 98
82 421
82 422
82 244
82 126
82 423
82 424
82 425
82 426
82 427
82 428
82 429
82 106
82 430
82 43
82 431
82 107
82 229
82 432
82 433
82 434
82 435
82 156
82 436
82 437
82 232
82 438
82 439
82 440
82 192
82 165
82 220
82 441
82 442
82 443
82 444
82 258
82 445
82 446
82 447
82 197
82 112
82 448
82 113
82 208
82 170
82 449
82 450
82 117
82 230
82 451
82 276
82 452
82 453
82 454
82 168
82 455
82 129
82 456
82 457
82 242
82 131
82 28
82 458
82 459
82 137
82 460
233 461
233 18
233 180
233 441
233 270
233 462
233 463
233 464
233 181
233 465
233 225
233 466
233 4
233 284
233 103
140 264
140 43
140 467
140 468
140 469
140 470
140 471
140 68
472 473
474 415
474 380
475 476
475 435
475 202
477 478
479 441
480 320
480 178
480 481
482 483
482 484
482 43
485 156
485 342
485 383
485 486
485 13
485 487
488 383
488 489
488 490
488 491
488 5
488 492
488 493
488 494
488 188
488 297
488 495
488 496
488 497
488 350
488 498
488 499
488 449
488 288
488 500
488 501
488 502
488 16
488 503
488 19
488 280
488 504
488 505
488 506
488 507
488 508
488 509
488 230
488 24
488 26
488 510
488 511
488 268
488 512
488 513
488 270
488 514
488 436
488 515
488 381
488 516
488 30
466 517
466 180
466 4
466 518
466 519
466 520
466 355
466 521
466 522
466 269
466 523
466 524
466 525
466 526
466 527
466 528
466 238
466 230
466 25
466 529
466 286
466 530
466 531
466 270
466 27
466 465
466 464
532 533
532 489
532 8
532 180
532 268
532 534
532 4
532 299
532 535
532 286
532 536
532 181
532 29
532 230
532 10
532 141
532 271
247 1
247 2
247 180
247 537
247 5
247 182
247 538
247 539
247 442
247 540
247 384
247 13
247 541
247 542
247 398
247 400
247 16
247 236
247 543
247 225
247 25
247 514
247 544
545 253
545 70
545 543
545 293
545 136
545 382
546 547
546 548
546 549
546 43
546 550
546 178
551 552
551 553
249 554
249 89
249 555
249 310
249 311
249 431
249 83
249 433
249 84
249 556
249 437
249 100
249 92
249 557
249 558
249 359
249 337
249 445
249 307
249 326
249 362
249 113
249 410
249 329
249 170
249 454
249 415
249 394
249 559
249 314
249 331
249 332
249 453
249 333
249 161
249 242
249 419
249 244
249 136
249 137
483 560
483 561
483 310
483 429
483 562
483 563
483 564
483 81
483 565
483 157
483 264
483 128
483 158
483 566
483 15
483 567
483 53
483 568
483 107
483 569
483 570
483 571
483 447
483 208
483 572
483 573
483 379
483 31
483 574
382 342
382 489
382 575
382 386
382 72
382 310
382 311
382 518
382 229
382 181
382 230
382 10
382 85
382 232
382 264
382 91
382 384
382 539
382 15
382 400
382 576
382 231
382 326
382 407
382 447
382 123
382 577
382 329
382 170
382 157
382 240
382 43
382 578
382 579
382 580
382 130
382 530
382 133
382 136
382 581
582 583
582 584
585 586
585 534
585 587
585 299
585 13
585 29
585 588
585 350
585 10
585 4
585 196
589 590
589 121
589 591
589 478
592 409
592 593
594 175
594 178
7 178
7 311
595 547
595 548
595 178
595 264
596 597
596 415
596 421
596 326
596 362
596 311
596 454
596 83
596 359
596 380
596 332
598 599
598 600
462 306
462 601
462 10
462 4
462 24
462 602
462 13
462 1
462 494
462 603
462 487
462 283
462 194
462 196
604 605
604 478
606 607
606 487
606 608
606 609
606 610
99 590
99 575
99 570
99 611
99 612
99 613
99 81
99 614
99 615
99 190
99 88
99 100
99 439
99 616
99 617
99 565
99 98
99 618
99 359
99 444
99 619
99 106
99 620
99 110
99 407
99 111
99 168
99 23
99 169
99 114
99 621
99 622
99 331
99 122
99 123
99 623
99 125
99 127
99 377
99 417
99 129
99 171
99 624
99 378
99 131
99 133
99 625
99 136
99 108
99 137
99 121
626 627
626 628
629 630
629 631
629 611
629 325
629 13
632 104
632 342
632 633
632 311
632 539
632 634
632 170
632 635
636 637
636 638
314 620
314 386
314 310
314 311
314 77
314 355
314 437
314 558
314 402
314 332
314 555
314 80
314 326
314 198
314 410
314 559
314 244
314 170
314 454
314 329
314 413
314 372
314 639
314 200
314 453
314 130
314 242
314 136
314 138
640 158
171 383
171 575
171 554
171 386
171 641
171 339
171 642
171 425
171 427
171 613
171 119
171 643
171 163
171 194
171 559
171 87
171 644
171 166
171 645
171 417
171 197
171 192
171 165
171 220
171 189
171 354
171 291
171 97
171 424
171 195
171 95
171 646
171 292
171 105
171 80
171 108
171 109
171 406
171 110
171 167
171 112
171 200
171 78
171 169
171 84
171 122
171 242
171 224
171 387
171 117
171 486
171 77
171 161
171 331
171 123
171 365
171 124
171 647
171 648
171 390
171 127
171 649
171 650
171 456
171 651
171 170
171 419
171 132
171 133
171 114
171 381
171 135
171 652
171 136
171 164
171 433
171 98
653 654
364 156
364 88
364 136
364 70
364 305
364 168
364 621
364 85
31 1
31 71
31 72
31 270
31 655
31 130
31 536
31 656
31 162
31 521
31 657
31 100
31 539
31 158
31 291
31 293
31 53
31 658
31 659
31 570
31 159
31 330
31 660
31 661
31 43
31 25
31 529
31 414
31 286
31 662
31 242
31 663
31 98
31 379
31 136
1 664
1 2
1 344
1 464
1 534
1 226
1 489
1 518
1 295
1 494
1 277
1 181
1 465
1 665
1 666
1 497
1 271
1 667
1 436
1 668
1 669
1 499
1 25
1 588
1 523
1 542
1 501
1 275
1 571
1 260
1 586
1 280
1 670
1 671
1 29
1 505
1 378
1 672
1 673
1 13
1 674
1 675
1 587
1 225
1 676
1 276
1 677
1 533
1 678
1 679
1 680
1 268
1 274
1 512
1 245
1 286
1 514
1 27
1 243
1 681
1 682
1 516
1 683
1 684
1 283
1 685
1 686
226 489
226 218
226 344
226 534
226 235
226 299
226 518
226 492
226 272
226 517
226 494
226 181
226 230
226 687
226 9
226 521
226 522
226 688
226 315
226 234
226 539
226 503
226 15
226 689
226 271
226 273
226 403
226 690
226 260
226 378
226 571
226 516
226 281
226 22
226 330
226 463
226 238
226 263
226 676
226 25
226 288
226 691
226 511
226 227
226 512
226 692
226 268
226 286
226 658
226 27
226 693
226 29
226 243
226 269
226 536
226 684
226 16
226 685
226 686
75 164
75 694
75 127
75 305
75 130
75 133
75 136
438 376
438 695
438 696
438 697
698 180
698 268
698 699
698 499
698 270
698 700
698 27
698 530
698 588
698 230
698 701
698 196
698 702
698 267
486 77
486 207
486 129
486 120
486 84
486 156
486 87
486 703
486 616
486 704
486 619
486 361
486 303
486 159
486 112
486 676
486 331
486 43
486 202
486 127
486 161
486 133
486 98
486 136
486 137
539 310
539 43
539 705
539 442
539 522
539 597
539 264
539 669
539 12
539 706
539 707
539 708
539 704
539 451
539 16
539 204
539 429
539 447
539 330
539 170
539 348
539 225
539 253
539 379
539 202
539 244
539 245
539 137
220 106
220 136
220 108
220 197
220 417
220 161
220 200
220 169
220 648
220 354
220 84
220 671
220 293
220 77
220 141
220 122
220 350
709 293
709 350
710 711
710 712
710 43
710 713
710 714
710 66
710 67
715 301
716 4
716 268
716 13
337 453
337 437
337 415
337 70
337 430
337 329
337 170
337 311
337 454
337 244
337 372
570 322
570 542
570 717
570 616
570 718
719 160
507 659
507 534
507 274
507 441
507 299
507 296
507 494
507 29
507 720
507 279
507 20
507 497
507 687
507 288
721 534
721 722
721 723
721 724
721 298
721 182
725 536
726 628
726 264
726 727
726 572
726 467
726 654
726 728
726 729
639 730
639 731
639 732
639 733
639 734
639 168
639 735
639 736
639 737
639 368
639 738
739 740
739 741
624 426
624 742
624 89
624 203
624 743
624 23
624 158
624 744
745 80
745 670
745 602
745 202
746 743
746 747
746 100
746 447
746 43
746 193
746 561
746 28
746 297
746 704
746 616
746 154
746 121
459 748
459 343
459 579
459 447
459 457
459 238
459 357
749 43
750 178
310 426
310 383
310 751
310 427
310 386
310 424
310 74
310 120
310 634
310 172
310 194
310 156
310 597
310 157
310 548
310 191
310 717
310 752
310 158
310 332
310 402
310 175
310 195
310 293
310 753
310 618
310 484
310 104
310 446
310 303
310 326
310 198
310 754
310 755
310 305
310 633
310 329
310 88
310 355
310 368
310 369
310 454
310 756
310 394
310 23
310 70
310 372
310 425
310 390
310 253
310 757
310 170
310 758
310 242
310 203
310 28
310 421
310 244
310 178
310 380
310 437
759 760
759 124
759 218
759 406
759 100
759 111
759 112
759 193
759 137
761 145
761 731
761 762
761 763
764 489
764 441
764 297
764 27
764 465
764 501
764 230
764 687
257 389
257 765
257 379
257 327
257 766
257 767
257 768
257 693
257 769
257 770
257 307
771 14
771 222
293 341
293 772
293 611
293 773
293 74
293 429
293 228
293 229
293 774
293 775
293 156
293 776
293 191
293 777
293 567
293 321
293 778
293 105
293 446
293 159
293 447
293 505
293 178
293 160
293 779
293 240
293 703
293 374
293 780
293 253
293 286
293 209
293 379
293 135
293 380
781 253
781 204
781 85
533 461
533 659
533 299
654 264
654 782
654 729
783 784
331 602
331 76
331 77
331 110
331 84
331 156
331 164
331 305
331 558
331 292
331 106
331 80
331 108
331 406
331 197
331 559
331 114
331 170
331 224
331 117
331 291
331 122
331 124
331 127
331 417
331 161
331 98
331 136
331 138
677 218
677 296
677 537
677 494
677 785
677 522
677 786
677 300
677 787
677 400
677 182
677 516
677 674
677 675
677 230
677 24
677 279
677 601
677 511
677 579
677 29
677 245
678 8
678 534
678 499
678 587
678 13
678 297
678 703
678 10
678 26
788 789
790 718
790 791
792 178
792 56
792 793
794 795
794 796
794 258
797 91
797 70
797 158
797 133
797 136
797 121
797 138
798 478
461 527
461 112
461 281
461 799
461 170
461 503
461 102
461 180
353 558
353 194
353 174
353 329
547 800
547 550
547 801
547 217
547 802
803 123
804 378
804 8
804 350
805 178
102 71
102 806
102 634
102 807
102 88
102 91
102 808
102 717
102 158
102 487
102 809
102 810
102 663
102 484
102 156
102 577
102 23
102 811
102 121
102 123
102 86
102 812
463 180
463 601
463 490
463 602
463 537
463 270
463 5
463 671
463 813
463 9
463 497
463 814
463 503
463 501
463 815
463 701
463 504
463 447
463 670
463 506
463 672
463 683
463 674
463 816
463 24
463 510
463 817
463 514
463 508
463 818
463 516
463 588
463 245
591 70
591 819
591 478
538 820
538 2
538 180
538 518
538 181
538 29
538 225
538 705
291 383
291 77
291 84
291 350
291 558
291 80
291 108
291 197
291 112
291 559
291 114
291 170
291 642
291 200
291 679
291 390
291 161
291 381
291 339
821 511
821 191
821 717
821 441
821 703
821 271
822 823
377 590
377 824
377 197
377 175
377 825
377 70
377 111
377 129
377 192
377 228
377 98
377 103
377 23
377 121
377 138
826 296
826 20
826 300
826 273
826 350
826 10
826 196
827 218
827 207
827 149
827 828
827 635
827 178
827 829
827 830
831 441
831 271
831 25
832 534
832 343
832 25
832 196
588 489
588 665
588 180
588 534
588 270
588 833
588 494
588 671
588 8
588 497
588 10
588 521
588 786
588 13
588 296
588 524
588 441
588 834
588 275
588 271
588 835
588 260
588 527
588 787
588 281
588 449
588 230
588 25
588 5
588 511
588 530
588 836
588 301
588 182
588 436
588 675
588 464
837 420
837 136
837 133
837 23
838 145
838 146
838 148
838 839
838 802
334 43
334 23
334 487
334 178
334 136
840 160
344 521
344 180
344 268
344 534
344 20
344 297
344 298
344 300
344 494
344 26
344 282
344 10
344 182
344 288
556 841
556 180
556 103
556 425
556 138
842 85
842 395
842 452
843 844
843 845
846 478
847 191
435 446
435 172
435 130
435 158
435 115
435 138
848 713
848 849
848 850
362 615
362 303
362 267
362 326
362 417
362 191
362 559
362 851
362 634
362 83
362 597
362 454
362 852
362 244
362 703
362 350
362 853
362 203
854 605
854 478
855 801
856 857
146 858
146 147
146 148
146 859
146 860
146 548
146 149
146 861
146 151
146 154
146 862
146 863
146 549
146 153
864 865
866 659
866 4
866 281
866 133
866 24
866 194
513 490
513 602
513 5
513 10
513 350
513 499
513 271
513 496
513 504
513 506
513 23
513 508
513 509
513 24
513 26
513 510
513 579
513 268
513 867
513 436
513 816
513 681
513 818
513 516
793 711
793 868
793 869
793 714
793 870
793 67
793 871
872 602
835 601
835 10
835 497
873 874
873 875
873 876
873 877
873 878
873 879
873 880
873 881
882 874
882 883
882 876
882 877
882 878
882 879
882 880
181 884
181 885
181 537
181 676
181 671
181 297
181 9
181 817
181 520
181 522
181 814
181 157
181 706
181 269
181 541
181 720
181 886
181 688
181 403
181 230
181 18
181 231
181 260
181 280
181 20
181 237
181 447
181 505
181 887
181 22
181 21
181 330
181 674
181 888
181 430
181 15
181 889
181 25
181 890
181 679
181 891
181 16
181 852
181 815
181 892
181 687
181 244
181 684
181 464
181 893
894 895
894 178
894 355
896 897
896 898
896 899
896 900
896 43
896 901
896 536
896 769
896 902
896 903
904 549
905 350
906 156
906 180
906 907
906 4
906 722
906 908
617 156
617 108
617 267
617 110
617 198
617 757
617 77
617 484
617 197
617 339
617 195
617 425
617 194
617 84
617 350
909 338
909 910
911 784
911 590
911 912
911 212
911 913
101 88
101 303
101 914
101 611
101 114
101 161
101 311
101 120
101 131
101 178
101 830
101 329
101 415
101 590
101 559
915 562
915 587
915 916
915 671
917 918
919 178
919 77
920 217
920 921
922 8
922 836
922 571
922 441
922 25
922 378
922 464
922 499
922 230
922 182
922 500
428 787
428 511
428 182
428 351
27 2
27 180
27 3
27 885
27 534
27 676
27 5
27 228
27 666
27 497
27 10
27 520
27 270
27 521
27 688
27 296
27 542
27 503
27 501
27 15
27 359
27 4
27 196
27 204
27 6
27 527
27 571
27 670
27 281
27 674
27 703
27 24
27 505
27 286
27 182
27 338
27 28
27 684
27 284
723 145
723 657
723 4
723 286
723 261
723 230
723 182
723 180
818 490
818 299
818 5
818 499
818 20
818 271
818 496
818 923
818 504
818 506
818 508
818 509
818 24
818 26
818 510
818 579
818 436
818 816
818 681
818 516
924 583
924 147
464 342
464 180
464 297
464 602
464 537
464 225
464 9
464 705
464 925
464 607
464 926
464 403
464 670
464 21
464 223
464 370
464 25
464 927
464 286
464 28
464 686
928 407
760 145
760 264
760 74
760 542
760 109
760 929
760 930
760 931
760 116
760 240
760 28
731 205
731 548
731 149
731 312
731 210
825 932
825 379
825 253
825 91
825 130
825 933
825 208
825 158
825 345
825 807
825 934
825 116
825 442
825 935
825 686
825 484
128 590
128 136
128 71
128 103
128 123
128 132
128 124
128 936
128 137
128 28
937 264
937 938
939 762
940 478
941 942
196 665
196 180
196 518
196 295
196 493
196 724
196 943
196 188
196 297
196 495
196 705
196 497
196 503
196 607
196 787
196 502
196 687
196 231
196 527
196 944
196 223
196 449
196 945
196 230
196 24
196 511
196 268
196 270
196 514
196 492
196 465
196 283
196 686
946 178
946 701
946 926
569 426
569 615
569 136
569 580
569 947
569 369
569 402
569 703
569 948
949 225
949 270
949 577
950 871
222 527
951 952
116 953
116 72
116 493
116 312
116 83
116 88
116 12
116 93
116 700
116 210
116 954
116 103
116 105
116 106
116 322
116 112
116 410
116 23
116 170
116 160
116 394
116 372
116 123
116 623
116 134
116 955
116 127
116 129
116 209
116 425
116 460
649 161
649 80
649 108
649 77
956 899
956 897
956 902
956 903
956 957
789 958
789 959
789 960
789 961
789 695
962 566
962 742
962 602
963 481
67 964
67 713
67 711
67 868
67 965
67 869
67 966
67 967
67 968
67 969
67 714
67 870
67 970
67 971
67 602
67 903
67 972
973 974
563 156
563 97
563 614
563 103
975 378
975 976
975 857
975 977
975 217
975 978
348 351
348 125
348 91
348 979
348 429
348 299
348 208
348 980
348 193
361 199
361 156
361 91
361 447
361 203
361 178
361 202
260 180
260 299
260 5
260 10
260 669
260 688
260 234
260 785
260 13
260 300
260 981
260 182
260 701
260 281
260 672
260 225
260 253
260 692
260 202
982 469
982 269
52 55
52 57
52 62
983 217
983 984
985 401
834 2
834 180
834 3
834 296
834 4
834 537
834 952
834 230
834 986
834 10
834 702
834 785
834 541
834 987
834 988
834 271
834 18
834 742
834 670
834 281
834 933
834 22
834 25
834 692
834 989
834 243
834 17
834 465
587 2
587 180
587 228
587 230
587 218
587 705
587 520
587 350
587 820
587 707
587 13
587 706
587 14
587 720
587 15
587 988
587 16
587 505
587 330
587 501
587 674
587 815
587 370
587 990
587 225
587 25
587 578
587 991
587 668
587 867
587 992
587 888
587 17
587 516
587 683
576 253
576 203
576 80
576 191
111 427
111 43
111 614
111 77
111 88
111 100
111 192
111 103
111 108
111 109
111 110
111 112
111 123
111 329
111 169
111 114
111 993
111 23
111 124
111 127
111 161
111 131
111 420
111 133
111 98
111 137
994 995
994 996
997 407
997 80
998 251
288 218
288 534
288 602
288 833
288 272
288 724
288 494
288 10
288 180
288 522
288 13
288 300
288 273
288 182
288 230
288 26
288 5
288 271
288 681
999 1000
999 1001
631 1002
631 100
631 305
631 94
631 160
172 156
172 88
172 108
172 71
172 115
172 123
172 559
172 130
172 136
172 84
378 534
378 282
378 299
378 230
378 8
378 10
378 702
378 586
378 274
378 967
378 273
378 501
378 182
378 20
378 670
378 602
378 1003
378 268
378 271
378 516
135 77
135 1004
135 774
135 189
135 156
135 88
135 90
135 167
135 103
135 105
135 108
135 407
135 200
135 160
135 240
135 123
135 161
135 433
135 133
135 28
135 458
135 136
135 137
652 123
652 80
652 218
652 417
652 161
652 77
652 114
652 355
652 108
652 136
652 451
652 182
652 1005
581 126
581 1006
1007 360
1007 476
1007 267
1007 225
1008 53
389 743
389 93
389 178
389 255
1009 1010
1009 1011
1009 217
1009 921
916 1012
916 300
916 1013
916 583
1014 303
1014 72
1014 408
1014 305
1014 209
1014 77
1014 94
1014 178
1014 210
1014 160
1014 1015
1014 136
1014 415
1014 194
1016 136
1016 129
800 965
800 1017
800 801
800 1018
800 151
1019 28
1020 548
1021 808
1021 371
403 18
403 180
403 4
403 274
403 281
403 655
403 228
403 297
403 603
403 225
403 705
403 25
403 442
1022 602
1022 981
410 453
410 841
410 386
410 130
410 329
410 402
410 381
410 663
410 394
410 853
672 884
672 522
672 511
672 268
672 530
672 527
672 571
672 447
672 521
672 519
672 272
672 517
672 25
672 269
672 658
672 202
223 884
223 124
223 267
223 530
223 282
223 286
223 311
223 170
223 943
223 945
223 454
223 787
223 30
223 137
674 671
674 180
674 534
674 676
674 494
674 497
674 10
674 586
674 669
674 18
674 20
674 465
674 670
674 230
674 867
674 301
674 243
674 516
166 105
166 123
166 622
166 108
166 264
166 407
166 167
166 159
166 88
166 136
166 648
166 420
166 357
166 704
166 23
166 137
1017 1023
62 637
62 55
62 57
1024 605
1024 478
177 1025
177 1026
177 178
177 1027
177 1028
177 1029
177 807
243 2
243 180
243 296
243 10
243 350
243 521
243 1030
243 276
243 534
243 15
243 182
243 20
243 281
243 25
243 11
243 29
243 686
1031 1032
1031 561
1031 343
1033 1000
1033 912
1033 863
375 94
375 305
375 178
554 204
554 453
554 80
554 333
554 194
554 127
554 83
554 43
554 229
554 394
554 136
554 425
554 372
641 123
641 80
641 108
641 77
1034 264
870 711
870 869
870 602
870 714
870 970
870 971
870 66
870 871
1035 160
264 884
264 468
264 869
264 1036
264 1037
264 1038
264 562
264 1039
264 1040
264 391
264 1041
264 1042
264 1043
264 217
264 1044
264 1045
264 637
264 38
264 1046
264 1047
264 1048
264 1049
264 1050
264 714
264 1051
264 1015
264 770
264 16
264 54
264 1052
264 48
264 198
264 572
264 713
264 195
264 1053
264 921
264 1054
264 931
264 769
264 37
264 1005
264 452
264 35
264 53
264 134
264 253
264 471
264 727
264 467
264 628
264 1055
264 1056
264 574
1057 301
616 123
616 88
616 70
616 218
616 618
616 1058
616 365
616 23
616 253
616 349
616 703
616 743
1059 784
1059 610
258 748
258 316
258 460
258 335
258 91
258 74
258 808
258 457
258 312
258 399
258 24
258 148
258 952
258 1060
1061 311
550 548
550 1062
550 773
56 971
56 869
56 871
799 156
1063 732
1063 1064
26 8
26 3
26 490
26 534
26 282
26 1065
26 299
26 297
26 496
26 10
26 667
26 782
26 315
26 20
26 525
26 18
26 19
26 504
26 516
26 506
26 508
26 675
26 287
26 509
26 370
26 230
26 276
26 991
26 511
26 510
26 514
26 436
26 816
26 29
26 283
26 267
253 590
253 452
253 311
253 807
253 1001
253 189
253 85
253 351
253 92
253 248
253 1066
253 618
253 1067
253 98
253 980
253 446
253 322
253 577
253 1068
253 454
253 225
253 395
253 123
253 1069
253 28
253 564
253 1027
457 948
457 123
457 979
457 765
457 316
457 106
457 697
457 379
457 420
457 14
457 516
457 23
457 618
457 1070
457 753
457 1071
1072 190
1073 162
892 180
1074 548
45 40
45 35
45 39
85 414
85 395
85 91
85 203
85 503
524 782
524 330
292 590
292 71
292 76
292 77
292 433
292 84
292 156
292 164
292 113
292 165
292 95
292 104
292 80
292 78
292 114
292 703
292 122
292 127
292 70
292 161
292 133
292 98
292 458
292 136
292 137
97 123
97 108
97 100
97 1075
97 77
97 158
97 170
97 80
97 349
97 103
97 137
97 419
886 442
886 218
886 667
886 534
886 297
886 670
886 511
886 508
886 509
886 516
886 8
886 399
886 10
886 182
886 17
1076 218
1077 718
1077 1078
1077 791
145 106
145 325
145 802
145 860
145 300
145 952
145 449
145 465
145 813
145 662
145 217
145 148
145 763
692 521
692 522
692 659
692 529
692 534
692 658
692 505
692 286
692 687
692 675
692 686
692 230
692 520
692 10
692 25
692 137
17 884
17 534
17 571
17 141
17 21
17 5
17 724
17 489
17 29
17 683
17 544
17 182
1079 1080
339 89
339 424
339 602
339 77
339 303
339 162
339 433
339 194
339 350
339 156
339 88
339 703
339 100
339 974
339 91
339 110
339 305
339 192
339 165
339 94
339 95
339 84
339 328
339 704
339 354
339 618
339 80
339 108
339 109
339 197
339 169
339 114
339 387
339 43
339 121
339 122
339 200
339 580
339 127
339 161
339 133
339 98
339 458
339 136
2 884
2 534
2 658
2 602
2 518
2 519
2 780
2 517
2 1081
2 520
2 270
2 521
2 522
2 499
2 657
2 269
2 785
2 541
2 441
2 525
2 988
2 237
2 527
2 571
2 787
2 281
2 22
2 1082
2 675
2 25
2 286
2 511
2 268
2 530
2 16
2 271
2 29
2 688
2 683
2 283
2 137
1083 203
1084 478
637 1085
637 729
637 638
637 1086
637 470
637 1087
637 1005
352 543
352 1088
352 212
1089 182
1090 175
753 386
753 311
753 43
753 562
753 1091
753 119
753 100
753 566
753 104
753 407
753 1092
753 23
753 170
753 412
753 230
753 1093
753 559
753 24
753 766
753 123
753 1094
753 625
753 244
753 136
1095 578
1095 1096
1095 467
1095 1053
1095 468
1095 469
1095 470
1095 471
1095 1097
1095 1098
1099 178
1099 1100
633 383
633 404
633 1101
633 1102
633 754
633 74
633 329
633 203
633 14
633 229
633 687
633 137
633 1004
957 897
957 769
957 903
957 902
301 682
301 534
301 602
301 5
301 1103
301 297
301 8
301 702
301 442
301 586
301 1088
301 273
301 221
301 19
301 923
301 20
301 441
301 508
301 512
301 494
1104 1049
1104 728
1104 1005
1104 572
1104 1038
948 204
948 1105
948 1106
948 451
948 1107
948 372
373 417
134 743
134 71
134 120
134 230
134 156
134 88
134 791
134 567
134 618
134 103
134 106
134 80
134 742
134 123
134 23
134 1108
134 43
134 121
134 210
134 124
134 70
134 286
134 209
134 136
134 113
1109 601
1109 180
839 1110
839 1111
1112 416
767 974
767 191
64 1113
64 50
469 1114
469 1042
469 68
884 522
884 230
884 601
884 218
884 25
884 670
884 537
884 952
884 671
884 516
884 225
884 1115
884 245
884 28
267 560
267 602
267 724
267 943
267 350
267 256
267 300
267 399
267 80
267 914
267 197
267 559
267 1116
267 372
267 530
267 686
3 8
3 667
3 501
3 534
3 489
3 519
3 182
3 671
3 297
3 441
3 1117
3 521
3 499
3 384
3 93
3 787
3 720
3 271
3 231
3 1118
3 20
3 571
3 447
3 505
3 527
3 238
3 230
3 24
3 25
3 668
3 578
3 991
3 511
3 579
3 270
3 658
3 693
3 465
3 544
3 16
3 245
756 127
756 161
756 130
756 602
756 115
756 454
756 77
756 372
1119 478
1120 1121
1120 1122
87 123
87 80
87 90
87 127
87 577
87 77
87 170
87 122
87 133
87 76
87 178
87 433
87 136
87 1123
87 137
87 121
88 751
88 611
88 73
88 120
88 78
88 161
88 349
88 209
88 86
88 71
88 100
88 1124
88 92
88 165
88 1125
88 167
88 704
88 103
88 105
88 197
88 159
88 168
88 23
88 169
88 115
88 1058
88 43
88 240
88 77
88 121
88 452
88 330
88 423
88 415
88 127
88 70
88 129
88 174
88 242
88 420
88 244
88 136
88 98
38 204
38 1126
38 185
38 372
1127 407
1127 409
1128 1129
1128 433
1032 341
1032 308
1032 98
695 143
695 1130
695 217
695 549
695 978
695 857
695 977
695 1028
695 1117
695 66
695 801
1131 1132
1131 824
1131 1133
609 608
407 156
407 123
407 379
407 91
407 124
407 120
407 248
407 211
407 573
407 421
407 376
407 1134
1041 178
1135 478
60 68
1136 809
1137 1138
1137 487
1137 812
1137 913
203 207
203 1139
203 564
203 656
203 1140
203 191
203 165
203 1125
203 399
203 1141
203 932
203 1142
203 1027
203 240
203 442
203 262
203 1143
203 458
203 202
262 426
262 156
262 123
262 91
262 446
262 160
262 317
262 194
421 71
421 429
421 311
421 774
421 83
421 615
421 157
421 1101
421 484
421 663
421 156
421 326
421 329
421 170
421 115
421 559
421 130
421 242
421 1094
421 138
1144 380
1145 1055
1145 969
1145 714
1145 1146
1147 94
83 311
83 229
83 615
83 191
83 93
83 332
83 399
83 359
83 646
83 106
83 1148
83 326
83 198
83 329
83 244
83 170
83 454
83 394
83 372
83 453
83 123
83 242
83 1094
83 136
1149 1150
439 156
439 147
439 114
439 10
717 205
717 1151
717 718
717 74
717 557
717 1152
717 379
717 660
717 932
717 646
717 564
717 931
717 317
717 614
443 305
443 76
443 610
443 1153
443 442
742 1154
742 1155
742 1156
742 860
742 492
742 1157
742 350
742 521
742 868
742 315
742 722
742 1158
742 54
742 473
742 1159
742 1148
742 365
742 573
742 119
742 1116
742 765
742 679
742 1160
742 530
742 161
527 180
527 272
527 1161
527 194
527 669
527 925
527 271
527 197
527 70
527 926
527 281
527 465
527 683
237 521
237 688
237 281
237 11
237 943
1162 562
506 490
506 534
506 5
506 350
506 499
506 787
506 271
506 496
506 280
506 504
506 508
506 509
506 24
506 510
506 579
506 867
506 816
506 681
506 516
933 341
933 578
933 80
933 231
933 1163
933 758
933 169
933 170
933 561
933 454
933 244
933 399
933 497
933 451
933 245
933 137
78 71
78 311
78 77
78 229
78 84
78 100
78 192
78 165
78 95
78 614
78 105
78 80
78 109
78 406
78 112
78 365
78 23
78 170
78 115
78 160
78 123
78 127
78 161
78 174
78 131
78 133
78 136
78 137
713 850
713 967
713 470
713 971
713 849
713 1164
117 120
117 211
117 433
117 194
117 100
117 197
117 84
117 356
117 80
117 108
117 110
117 114
117 119
117 77
117 122
117 199
117 123
117 127
117 161
117 131
117 133
117 136
1011 857
1011 143
1011 217
25 180
25 658
25 370
25 489
25 537
25 519
25 561
25 228
25 277
25 520
25 271
25 705
25 355
25 521
25 522
25 89
25 688
25 234
25 13
25 542
25 565
25 441
25 15
25 400
25 687
25 434
25 18
25 325
25 528
25 810
25 670
25 1082
25 1153
25 673
25 815
25 238
25 430
25 1165
25 22
25 317
25 124
25 579
25 330
25 691
25 511
25 679
25 891
25 530
25 274
25 270
25 662
25 11
25 1166
25 28
25 29
25 683
25 836
25 460
25 245
25 284
25 312
123 634
123 930
123 564
123 165
123 86
123 164
123 611
123 1124
123 248
123 14
123 405
123 73
123 704
123 687
123 104
123 303
123 330
123 114
123 1167
123 120
123 121
123 210
123 124
123 562
123 126
123 127
123 1168
123 341
123 620
123 178
123 163
123 597
123 1012
123 1169
123 809
123 618
123 109
123 577
123 559
123 122
123 240
123 765
123 1075
123 100
123 913
123 1130
123 386
123 304
123 424
123 74
123 77
123 392
123 355
123 1115
123 112
123 168
123 23
123 1093
123 174
123 662
123 419
123 420
123 98
123 229
123 427
123 694
123 429
123 76
123 43
123 1004
123 1170
123 433
123 113
123 192
123 752
123 707
123 810
123 446
123 1171
123 129
123 242
123 133
123 458
1101 130
1101 390
1101 115
1101 178
1101 484
1101 703
1101 138
1172 1173
1172 205
1172 206
1172 1174
1172 1175
1172 1176
1172 213
1172 214
115 86
115 165
115 618
115 156
115 170
115 23
115 121
115 122
115 127
115 70
115 130
115 380
115 138
1134 543
1134 136
1177 967
1178 1179
1178 178
299 490
299 534
299 602
299 491
299 671
299 497
299 702
299 350
299 782
299 499
299 315
299 503
299 787
299 720
299 658
299 496
299 701
299 465
299 505
299 508
299 675
299 945
299 230
299 890
299 511
299 836
299 286
299 514
299 436
299 929
299 516
967 1180
967 1151
967 868
967 869
967 966
967 1125
967 711
967 1181
967 971
967 714
967 66
967 1182
967 645
564 426
564 830
564 417
564 77
564 158
564 178
564 484
564 189
564 136
564 1183
564 103
1043 1184
1043 628
1043 55
1043 968
1043 714
1043 217
1185 621
1185 141
91 611
91 386
91 429
91 404
91 77
91 228
91 229
91 1139
91 774
91 776
91 92
91 980
91 707
91 704
91 988
91 104
91 446
91 80
91 303
91 447
91 159
91 340
91 577
91 559
91 330
91 1093
91 121
91 399
91 1186
91 778
91 70
91 687
91 28
91 1187
91 136
91 202
91 460
1188 784
1188 1189
1188 762
316 106
316 80
316 597
316 127
316 755
316 602
316 420
316 14
316 23
316 121
786 668
786 280
786 602
786 1153
786 281
786 350
786 534
786 508
786 671
786 465
786 720
786 9
786 10
786 16
786 284
786 180
925 534
925 270
925 1190
925 720
925 684
151 762
151 207
151 1048
151 148
151 152
151 549
151 553
16 180
16 5
16 10
16 521
16 497
16 315
16 141
16 13
16 707
16 4
16 20
16 465
16 281
16 815
16 230
16 24
16 580
16 11
16 29
16 460
324 178
324 1191
324 1192
528 355
528 537
528 180
114 341
114 383
114 343
114 89
114 161
114 74
114 1193
114 76
114 77
114 634
114 613
114 910
114 81
114 189
114 433
114 565
114 86
114 164
114 113
114 597
114 71
114 100
114 110
114 132
114 1194
114 95
114 810
114 1195
114 354
114 618
114 103
114 105
114 106
114 80
114 303
114 109
114 406
114 197
114 198
114 357
114 112
114 365
114 478
114 169
114 84
114 70
114 119
114 120
114 969
114 121
114 122
114 559
114 124
114 1196
114 127
114 947
114 90
114 129
114 952
114 425
114 170
114 131
114 420
114 98
114 23
114 136
114 108
114 1197
114 137
114 819
1167 659
1167 180
608 218
608 610
618 611
618 1198
618 311
618 77
618 930
618 433
618 165
618 657
618 90
618 332
618 221
618 105
618 106
618 307
618 168
618 559
618 170
618 766
618 423
618 417
618 161
618 131
618 610
618 133
618 136
618 137
126 109
126 71
126 110
126 417
126 124
126 1199
126 224
126 100
126 103
1200 752
1200 323
1200 317
1200 381
1200 77
1060 121
1201 178
853 445
853 218
853 326
853 161
853 130
853 242
853 170
853 386
853 402
853 369
853 621
853 415
853 194
853 372
251 1202
251 796
251 1037
251 1203
251 740
251 1204
251 553
342 341
342 164
342 575
342 682
342 406
342 505
342 580
342 1205
342 390
342 80
342 255
342 1143
342 357
342 399
1206 178
1207 305
1207 178
1207 1208
470 714
470 1209
470 1210
470 784
470 727
470 1211
470 601
470 1040
470 503
470 57
470 1055
470 627
470 1042
470 350
470 1182
470 1212
1213 548
841 620
841 415
841 417
841 369
841 402
841 454
841 399
841 1214
630 400
12 1215
12 1216
12 124
12 76
12 131
12 189
12 1081
12 936
12 136
12 451
1195 1138
1217 214
1184 1040
1208 305
1208 94
1208 133
1208 810
1208 136
1218 590
1218 762
1218 1219
1218 791
1218 5
1218 1027
1218 501
1218 552
1218 1220
1218 1221
1218 553
1218 103
1222 156
1222 218
1222 907
1222 1158
1222 1223
1222 141
1222 722
1222 1224
1222 1225
1222 1226
1222 908
366 1227
577 322
577 71
577 379
577 776
577 384
577 72
577 23
577 558
577 954
577 136
577 137
1228 634
119 207
119 120
119 84
119 615
119 100
119 110
119 106
119 80
119 108
119 197
119 77
119 127
119 161
119 131
119 98
119 138
766 1229
766 391
510 8
510 490
510 5
510 350
510 499
510 504
510 271
510 496
510 20
510 508
510 509
510 24
510 833
510 579
510 436
510 816
510 681
510 516
1230 787
70 160
70 89
70 72
70 311
70 43
70 229
70 84
70 157
70 100
70 92
70 558
70 95
70 809
70 105
70 106
70 755
70 159
70 208
70 329
70 169
70 454
70 1093
70 559
70 122
70 388
70 127
70 417
70 161
70 174
70 662
70 131
70 133
70 425
70 136
70 137
70 819
130 1231
130 71
130 424
130 1037
130 120
130 211
130 671
130 194
130 752
130 103
130 329
130 388
130 1232
130 178
130 454
130 394
130 23
130 317
130 170
130 28
130 1070
130 380
130 138
718 106
718 561
718 791
718 42
718 357
1233 1234
153 147
153 149
153 1018
153 148
153 152
153 154
1235 1236
1235 204
1235 205
1235 1237
1235 548
1235 158
1235 178
696 1010
696 1238
696 791
696 178
696 43
218 341
218 427
218 8
218 752
218 383
218 282
218 1037
218 77
218 493
218 1239
218 162
218 565
218 615
218 820
218 354
218 95
218 502
218 1143
218 434
218 1240
218 621
218 193
218 1241
218 374
218 202
218 1075
218 743
218 161
218 209
218 1029
218 681
218 244
218 228
218 137
611 156
611 1080
611 158
611 178
611 484
611 703
611 1234
1219 912
1219 1242
1219 193
1219 553
355 311
355 229
355 359
355 204
355 326
355 159
355 329
355 170
355 454
355 703
355 372
355 414
355 98
355 244
355 138
1243 1244
1243 1049
1210 43
714 871
714 869
714 1238
714 791
714 602
714 965
714 711
714 971
714 217
714 903
714 970
714 868
1245 605
988 489
988 281
988 707
988 675
988 15
988 283
319 80
319 762
319 417
319 77
319 133
319 484
106 71
106 76
106 77
106 110
106 10
106 84
106 90
106 100
106 103
106 80
106 108
106 197
106 198
106 559
106 170
106 121
106 193
106 124
106 417
106 161
106 131
106 133
106 338
106 136
106 425
1246 478
1247 178
897 1248
897 898
897 899
897 901
897 902
897 903
287 668
287 20
287 512
287 13
287 465
287 230
829 178
829 573
1214 445
1214 415
1214 386
1214 755
1214 311
1214 43
1214 242
1214 170
1214 369
1214 229
1214 402
1242 552
1249 478
668 521
668 180
668 20
668 281
668 13
668 5
668 298
668 29
668 230
668 497
668 10
668 182
668 4
668 15
1158 156
1158 1223
1158 722
1158 141
1158 1224
1158 1225
1158 908
1250 397
1251 605
1251 478
694 136
694 133
694 160
1102 343
1102 215
431 199
431 453
431 386
431 757
431 1232
431 311
431 329
431 242
431 170
431 229
431 454
431 332
431 359
431 372
229 383
229 76
229 1252
229 615
229 141
229 521
229 158
229 194
229 405
229 156
229 326
229 198
229 385
229 1253
229 224
229 15
229 394
229 329
229 122
229 425
229 927
229 127
229 133
229 28
229 29
229 1254
229 380
1255 1215
495 534
495 493
495 702
495 272
495 188
495 182
540 534
540 4
540 284
540 180
1256 1236
1256 995
1256 206
1256 548
1256 912
1256 1175
1256 1176
1256 1257
1256 213
1256 214
1258 553
707 180
707 885
707 4
707 277
707 1259
707 1260
707 10
707 194
707 703
707 974
707 191
707 141
707 13
707 484
707 19
707 670
707 281
707 1261
707 931
707 225
707 21
707 1166
707 274
707 182
707 335
707 133
707 29
542 156
542 263
542 180
542 11
542 261
542 890
542 15
542 230
542 705
542 10
981 447
981 295
981 947
981 1262
981 687
441 180
441 534
441 4
441 272
441 813
441 10
441 14
441 1263
441 273
441 501
441 275
441 18
441 670
441 225
441 657
441 30
441 579
441 286
441 11
441 682
441 683
441 544
441 283
1264 104
1264 414
1264 1123
1264 77
1264 484
1264 84
1265 768
471 1179
471 1096
471 43
471 467
471 1053
471 468
471 921
471 1098
858 148
858 1111
601 586
601 682
601 534
601 1211
601 669
601 274
601 691
601 13
601 5
601 227
601 494
601 499
601 24
601 182
1186 426
1186 178
1186 429
1080 147
1080 578
1080 43
239 446
30 511
30 492
30 534
30 987
30 270
30 295
30 493
30 943
30 296
30 501
30 230
30 10
30 182
30 272
1266 621
1267 425
1268 43
833 521
833 1269
833 690
833 511
833 701
833 268
833 504
833 514
833 295
833 508
833 503
833 816
833 65
833 24
833 685
1270 602
666 489
666 180
666 20
666 4
666 281
666 286
666 5
666 297
666 10
791 157
1271 1272
1271 1273
1271 1064
194 517
194 8
194 77
194 634
194 84
194 597
194 92
194 1012
194 607
194 704
194 954
194 451
194 555
194 159
194 559
194 330
194 706
194 888
194 43
194 413
194 199
194 453
194 161
194 242
1274 688
1274 10
1274 43
1189 980
1275 308
1275 158
850 849
850 1276
850 1277
722 156
722 907
722 4
722 1224
722 1225
722 1226
722 908
722 10
722 350
704 161
704 76
704 77
704 156
704 597
704 90
704 191
704 484
704 23
704 446
704 80
704 109
704 559
704 703
704 121
704 137
704 129
704 133
704 136
704 380
1138 156
1138 1278
1138 89
1138 669
1138 384
1138 94
1138 322
1138 543
1071 383
1071 1279
1071 979
1071 401
1159 244
1159 204
1159 703
326 620
326 602
326 311
326 156
326 157
326 92
326 402
326 198
326 329
326 244
326 454
326 415
326 394
326 122
326 372
326 453
326 333
326 757
326 136
326 138
1280 379
1281 1282
1283 1234
270 1284
270 534
270 282
270 518
270 655
270 943
270 665
270 9
270 705
270 180
270 521
270 522
270 688
270 273
270 501
270 275
270 271
270 586
270 20
270 281
270 1082
270 449
270 945
270 230
270 657
270 519
270 268
270 530
270 926
270 683
693 590
693 286
693 272
693 442
1028 43
751 156
751 1285
751 303
751 160
751 136
751 120
751 634
751 454
751 43
751 703
751 380
762 959
762 1286
762 548
762 913
762 1132
762 1176
762 207
762 1187
762 240
762 1287
346 341
161 602
161 189
161 164
161 100
161 14
161 354
161 103
161 159
161 329
161 124
161 333
161 127
161 338
161 136
161 1196
161 613
161 350
161 110
161 95
161 313
161 328
161 80
161 109
161 169
161 122
161 224
161 199
161 200
161 651
161 383
161 320
161 77
161 1091
161 240
161 84
161 221
161 23
161 757
161 132
161 98
161 1288
161 244
161 426
161 427
161 71
161 396
161 433
161 113
161 165
161 108
161 197
161 175
161 170
161 1289
161 131
806 160
806 89
806 812
806 687
806 158
806 809
806 405
806 738
865 1290
350 1047
350 1154
350 682
350 490
350 1196
350 642
350 5
350 390
350 1291
350 427
350 1292
350 702
350 84
350 1293
350 1294
350 586
350 136
350 782
350 1124
350 1295
350 192
350 487
350 95
350 399
350 271
350 646
350 503
350 1146
350 80
350 19
350 280
350 504
350 1038
350 648
350 1224
350 816
350 1105
350 224
350 298
350 138
350 240
350 77
350 1296
350 122
350 529
350 415
350 1064
350 780
350 188
350 272
350 402
350 436
350 132
350 574
350 509
350 1226
350 505
350 1297
350 108
350 300
350 893
351 343
351 191
351 74
351 244
351 230
351 202
351 1298
877 874
877 883
877 875
877 876
877 878
877 879
877 880
877 881
1169 703
708 4
708 191
1299 548
1300 871
1301 1236
1302 1303
1302 784
1302 401
1302 1304
1302 300
280 282
280 1065
280 602
280 10
280 615
280 300
280 669
280 315
280 535
280 541
280 273
280 521
280 18
280 20
280 509
280 279
280 1166
280 29
280 1122
1305 440
901 1306
901 1248
901 898
816 490
816 297
816 499
816 271
816 496
816 923
816 504
816 508
816 509
816 230
816 24
816 5
816 579
816 268
816 867
816 681
816 516
1053 1179
1053 1096
1053 727
1053 467
1053 903
1307 178
1307 209
394 453
394 437
394 333
394 170
394 329
394 242
394 1232
394 454
394 244
394 372
1308 80
1309 305
580 164
580 1160
580 1075
580 110
580 780
580 815
580 1143
580 810
580 230
580 621
379 104
379 484
379 697
379 548
379 743
379 1171
379 158
379 1183
379 918
1310 521
1310 494
1310 926
72 995
72 89
72 90
72 158
72 209
72 303
72 136
72 210
72 137
72 442
1311 548
861 801
861 921
965 869
965 549
965 1048
965 966
965 217
965 148
1278 1294
1278 305
1278 209
1278 780
1278 354
1278 160
1278 182
1179 447
1179 1096
1179 1295
1179 1105
961 553
808 205
808 197
808 1312
808 193
808 1313
147 748
147 149
147 1314
147 148
147 58
147 548
147 154
1315 702
923 489
923 19
923 534
923 508
923 460
1316 927
644 178
644 80
644 830
888 18
888 579
888 202
888 284
22 521
22 817
22 281
22 943
22 225
22 520
22 13
1317 549
35 48
35 39
35 40
35 1318
35 47
35 37
1254 489
423 136
423 23
423 133
686 5
686 272
686 277
686 671
686 297
686 705
686 1319
686 10
686 586
686 162
686 300
686 501
686 4
686 701
686 670
686 720
686 230
686 500
686 529
686 271
686 11
686 544
1320 178
952 325
952 807
1042 1050
1042 769
1042 921
1321 548
1321 1322
1323 212
960 548
960 178
960 1111
669 489
669 8
669 534
669 845
669 520
669 1272
669 658
669 1324
669 675
669 276
669 268
669 274
669 286
669 436
1038 1045
1038 572
1038 1098
165 427
165 76
165 77
165 189
165 559
165 156
165 164
165 621
165 90
165 1325
165 192
165 328
165 80
165 108
165 648
165 23
165 121
165 122
165 124
165 127
165 417
165 456
165 174
165 131
165 433
165 133
165 244
165 136
165 137
79 103
79 935
275 534
275 519
275 272
275 297
275 10
275 180
275 1326
275 300
275 296
275 720
275 271
275 18
275 20
275 571
275 21
275 465
275 283
658 180
658 534
658 74
658 295
658 671
658 705
658 497
658 269
658 541
658 14
658 15
658 271
658 18
658 571
658 281
658 225
658 202
658 743
658 28
658 683
658 284
1327 178
1141 178
1328 824
605 1329
605 1330
605 1331
605 1332
605 1333
605 1334
605 1335
605 1336
605 1337
605 1338
605 1339
1174 1173
1174 205
1174 206
1174 1175
1174 1176
1174 213
1174 214
175 1340
175 824
175 876
175 20
175 1164
175 390
175 867
175 775
175 685
175 122
1341 191
1341 553
1342 74
1342 178
241 974
241 830
241 494
241 178
452 427
452 231
452 386
452 384
452 43
452 170
452 98
452 225
452 240
452 395
836 516
836 518
836 20
836 10
836 182
129 622
129 76
129 120
129 634
129 77
129 100
129 92
129 158
129 103
129 105
129 112
129 124
129 329
129 23
129 121
129 168
129 127
129 174
129 420
129 133
129 98
129 136
129 137
129 460
1289 634
1289 80
1289 332
1343 478
575 446
575 953
575 198
575 174
575 77
575 634
575 225
575 23
575 122
575 935
234 534
234 465
234 785
234 227
234 494
234 182
234 29
234 225
234 621
234 702
234 681
953 329
953 170
953 322
953 133
953 244
953 552
943 517
943 8
943 296
943 297
943 271
943 492
943 10
943 442
943 987
943 501
943 103
943 19
943 701
943 571
943 230
943 514
943 683
984 178
984 549
984 1157
971 711
971 869
971 903
971 970
971 1344
936 712
936 209
936 133
936 178
936 210
936 935
164 341
164 517
164 386
164 43
164 613
164 84
164 100
164 192
164 95
164 357
164 399
164 105
164 108
164 406
164 110
164 328
164 329
164 77
164 127
164 863
164 90
164 559
164 131
164 133
164 98
164 136
164 137
315 665
315 667
315 282
315 4
315 642
315 297
315 682
315 586
315 499
315 273
315 787
315 720
315 182
315 496
315 571
315 505
315 281
315 602
315 508
315 511
315 268
315 927
315 514
315 436
315 681
315 516
315 1122
558 417
558 386
558 424
558 4
558 429
558 43
558 634
558 427
558 84
558 156
558 190
558 121
558 323
558 198
558 755
558 21
558 388
558 244
558 170
558 559
558 332
558 415
558 757
558 136
558 138
502 690
502 268
502 534
502 20
502 498
502 279
502 702
502 300
502 492
502 503
502 296
502 282
502 8
502 10
502 685
321 1037
321 622
321 248
271 489
271 490
271 602
271 5
271 492
271 517
271 188
271 671
271 813
271 665
271 705
271 10
271 687
271 522
271 782
271 499
271 449
271 503
271 525
271 1146
271 688
271 571
271 465
271 227
271 1153
271 1345
271 673
271 501
271 675
271 295
271 544
271 579
271 230
271 603
271 24
271 511
271 679
271 268
271 274
271 180
271 286
271 514
271 436
271 681
271 682
271 269
271 683
271 283
271 685
271 284
103 160
103 89
103 77
103 81
103 156
103 703
103 71
103 90
103 110
103 93
103 13
103 100
103 484
103 167
103 105
103 108
103 197
103 112
103 1082
103 559
103 1346
103 478
103 1093
103 43
103 121
103 124
103 136
103 1347
103 127
103 456
103 131
103 98
103 530
103 137
1348 1313
322 376
322 743
322 158
322 170
322 918
322 137
328 86
328 113
328 156
328 597
328 197
328 110
328 703
328 80
328 133
328 98
328 77
328 427
328 84
673 180
673 720
673 284
648 77
648 433
648 643
648 163
648 84
648 156
648 597
648 192
648 80
648 108
648 406
648 197
648 121
648 127
648 174
648 133
648 136
934 158
934 1037
934 446
934 661
152 1236
152 1111
152 583
152 150
152 178
152 148
152 1005
1349 572
1331 478
647 156
647 124
647 80
647 127
647 417
647 133
647 98
647 224
647 703
647 121
149 548
149 209
149 154
149 58
149 150
149 995
149 148
149 210
518 489
518 534
518 29
518 430
518 590
518 272
518 675
518 671
518 230
518 225
518 320
1306 899
1306 898
349 80
349 197
349 127
349 136
349 23
349 43
9 8
9 180
9 537
9 227
9 705
9 10
9 688
9 541
9 1272
9 15
9 182
9 815
9 230
9 11
9 684
1350 180
1351 553
1012 198
1012 1037
1012 659
95 383
95 427
95 76
95 77
95 84
95 80
95 108
95 110
95 169
95 224
95 120
95 122
95 127
95 133
95 136
360 552
360 1037
360 158
1352 178
198 311
198 43
198 390
198 1091
198 189
198 84
198 195
198 399
198 329
198 170
198 454
198 122
198 453
198 242
198 244
198 136
198 66
198 1164
571 489
571 534
571 430
571 676
571 519
571 517
571 671
571 497
571 10
571 499
571 300
571 484
571 296
571 18
571 20
571 670
571 281
571 552
571 268
571 867
571 11
571 274
571 684
571 283
571 284
240 180
240 1004
240 621
240 484
240 659
240 23
240 703
240 133
240 212
1116 602
1116 494
1116 29
1116 10
1070 979
1070 21
935 484
869 1180
869 711
869 1048
869 966
869 970
424 427
424 386
424 643
424 156
424 597
424 104
424 303
424 329
424 170
424 454
424 332
424 242
424 244
424 136
424 380
1353 712
1239 235
1239 787
1239 1193
1239 1170
1239 359
1239 137
1354 787
536 995
536 268
536 13
536 178
1058 105
1058 590
1058 1123
1058 566
1058 98
1058 703
1231 1123
1231 357
1347 433
1347 614
1225 907
1225 1223
1225 1224
1225 1226
1225 908
244 426
244 386
244 602
244 76
244 120
244 620
244 86
244 162
244 92
244 752
244 484
244 167
244 332
244 402
244 445
244 329
244 388
244 170
244 311
244 454
244 225
244 1093
244 427
244 121
244 372
244 110
244 415
244 242
244 136
244 380
1355 178
1355 1356
1355 214
970 711
970 1048
970 966
970 871
1357 583
1037 200
1037 156
1037 1358
1037 168
1037 28
1037 1139
1037 405
1037 1003
1037 43
1037 193
1359 741
1360 830
1361 478
498 489
498 665
498 701
498 534
498 20
498 281
498 295
498 297
498 702
298 690
298 20
298 447
298 607
298 274
298 10
987 1269
987 511
987 282
987 13
987 300
987 516
987 20
1362 426
1363 13
1364 602
449 274
449 4
449 281
449 465
449 501
263 180
263 537
263 11
263 15
1365 807
1366 703
743 1367
743 1171
743 14
743 675
743 625
743 918
743 573
508 8
508 490
508 277
508 682
508 10
508 702
508 499
508 300
508 273
508 787
508 496
508 20
508 509
508 230
508 24
508 511
508 274
508 512
508 514
508 681
508 516
508 504
1368 43
1183 104
665 659
665 534
665 20
665 13
665 300
665 273
665 297
665 296
665 520
665 10
665 705
1356 178
1356 830
1356 1027
1356 207
1100 1164
1100 89
534 517
534 180
534 492
534 493
534 312
534 671
534 782
534 688
534 501
534 687
534 1146
534 19
534 887
534 795
534 867
534 489
534 724
534 522
534 138
534 1369
534 720
534 359
534 18
534 20
534 670
534 691
534 890
534 286
534 514
534 702
534 820
534 1115
534 1370
534 690
534 281
534 945
534 15
534 225
534 579
534 680
534 516
534 685
534 235
534 494
534 705
534 586
534 269
534 541
534 787
534 6
534 505
534 230
534 24
534 276
534 511
534 268
534 274
534 436
534 681
534 465
534 544
534 460
534 283
534 284
534 509
602 383
602 730
602 347
602 1371
602 77
602 227
602 1372
602 80
602 986
602 702
602 642
602 729
602 1295
602 1373
602 1150
602 282
602 354
602 555
602 1292
602 1085
602 19
602 876
602 110
602 20
602 357
602 944
602 238
602 868
602 676
602 24
602 500
602 1374
602 200
602 286
602 908
602 867
602 8
602 467
602 1375
602 681
602 682
602 1124
602 504
602 66
602 645
602 137
492 586
492 489
492 19
492 268
492 282
492 4
492 295
492 272
492 1103
492 230
492 501
492 511
910 190
910 774
910 93
910 1376
910 405
910 1377
910 565
1378 774
1378 77
14 384
14 537
14 255
14 312
14 81
14 399
14 231
14 755
14 447
14 414
14 1379
14 230
14 372
14 578
14 890
14 268
14 1367
14 98
14 136
14 245
501 489
501 682
501 272
501 705
501 497
501 10
501 300
501 690
501 19
501 20
501 670
501 703
501 511
501 679
501 530
501 274
501 505
501 286
501 514
501 681
501 29
525 300
525 77
525 295
525 225
332 620
332 386
332 390
332 437
332 195
332 755
332 170
332 369
332 454
332 200
332 127
332 417
332 242
332 136
416 1380
104 406
104 446
104 662
104 248
104 1170
104 89
104 136
323 200
323 427
323 300
323 170
323 43
323 780
323 947
323 454
323 425
323 138
325 124
325 1216
325 305
325 590
325 1005
440 548
440 178
440 209
440 210
979 158
979 133
208 343
208 447
208 98
208 160
208 543
317 157
317 329
1374 1045
1374 1273
1381 80
1381 178
1381 110
758 615
758 170
758 178
758 1066
744 261
744 412
1382 178
1382 1383
489 682
489 272
489 277
489 297
489 465
489 10
489 702
489 522
489 814
489 269
489 541
489 1370
489 434
489 18
489 447
489 238
489 286
489 579
489 274
489 992
489 235
489 852
489 499
489 683
489 1384
489 685
489 284
489 188
4 667
4 235
4 889
4 1385
4 676
4 655
4 493
4 774
4 705
4 442
4 522
4 638
4 13
4 706
4 521
4 231
4 505
4 281
4 330
4 720
4 430
4 1386
4 230
4 603
4 684
4 15
4 795
4 691
4 890
4 1387
4 679
4 227
4 180
4 817
4 1388
4 245
4 681
4 465
4 1384
4 460
4 283
4 685
4 284
1065 496
1065 10
295 235
295 493
295 188
295 813
295 10
295 702
295 521
295 499
295 13
295 706
295 687
295 204
295 701
295 945
295 230
295 890
295 268
295 681
295 465
231 521
231 511
1389 1040
1389 43
720 1284
720 8
720 490
720 282
720 297
720 497
720 10
720 442
720 269
720 503
720 787
720 182
720 496
720 516
720 21
720 815
720 230
720 24
720 500
720 681
720 29
720 245
526 10
109 1234
109 71
109 386
109 76
109 77
109 1390
109 189
109 84
109 86
109 100
109 192
109 156
109 80
109 108
109 197
109 112
109 170
109 225
109 23
109 122
109 199
109 124
109 127
109 417
109 131
109 420
109 133
109 136
109 202
1391 136
1392 478
1068 1025
1068 995
1068 548
1068 178
1068 1027
1068 1029
1068 1220
1068 1313
1068 807
224 80
224 43
224 427
224 133
224 77
1054 1238
48 39
48 40
48 1318
48 44
48 47
48 37
200 383
200 311
200 77
200 613
200 548
200 110
200 191
200 80
200 197
200 169
200 703
200 121
200 127
200 417
200 132
200 381
200 136
44 1318
44 39
1393 412
1155 1005
1155 1111
682 204
682 586
682 282
682 1092
682 286
682 300
682 230
682 10
1130 136
386 427
386 311
386 390
386 84
386 156
386 597
386 92
386 191
386 402
386 195
386 80
386 755
386 329
386 369
386 121
386 193
386 415
386 634
386 242
386 133
386 381
386 136
73 136
73 158
73 127
73 112
73 76
73 168
73 131
73 133
73 124
73 454
73 590
73 23
73 113
74 773
74 774
74 659
74 159
74 447
74 112
74 559
74 209
74 138
1385 543
1385 688
1385 671
120 77
120 84
120 100
120 192
120 105
120 80
120 110
120 408
120 121
120 131
120 133
120 136
120 137
1394 543
1395 1380
871 711
871 868
638 729
638 269
638 1085
638 1086
638 497
638 1087
638 1005
1078 1396
54 844
150 1018
150 148
150 154
815 521
815 180
815 281
815 182
815 11
815 494
815 284
815 29
815 13
815 24
945 1180
945 180
945 20
945 296
945 702
1303 1397
642 1398
642 1399
642 1400
642 810
642 133
1401 178
1064 732
1064 1273
1402 1152
98 341
98 71
98 77
98 43
98 634
98 110
98 86
98 597
98 90
98 1124
98 192
98 158
98 399
98 105
98 446
98 80
98 197
98 112
98 23
98 169
98 84
98 387
98 559
98 121
98 199
98 484
98 124
98 127
98 131
98 133
98 136
98 137
1403 1290
1403 478
659 180
659 43
659 227
659 228
659 188
659 705
659 162
659 775
659 442
659 157
659 256
659 503
659 357
659 18
659 458
659 330
659 370
659 578
659 1165
659 516
396 76
676 8
676 494
676 671
676 497
676 10
676 521
676 586
676 514
676 19
676 670
676 281
676 11
676 230
676 1404
676 182
676 384
676 133
676 516
655 1082
655 137
432 995
432 158
432 238
432 1005
432 802
813 182
1405 548
437 453
437 597
437 415
437 100
437 755
437 174
437 242
437 390
437 1232
437 359
437 84
729 1086
729 1087
729 1005
784 478
752 156
752 170
752 43
787 282
787 272
787 724
787 8
787 10
787 520
787 586
787 1406
787 541
787 300
787 20
787 400
787 6
787 496
787 504
787 516
787 230
787 24
787 890
787 274
787 1211
787 681
787 29
777 158
778 590
778 484
778 158
281 517
281 667
281 5
281 272
281 8
281 180
281 688
281 521
281 296
281 357
281 182
281 1146
281 19
281 465
281 505
281 1082
281 330
281 929
281 230
281 889
281 24
281 691
281 890
281 680
281 283
281 268
281 286
281 235
281 436
281 681
281 516
281 685
281 284
281 460
991 20
991 29
991 182
1387 543
1387 10
1387 667
1387 180
974 566
974 930
974 1407
1408 214
1181 903
1181 61
306 94
412 664
634 341
634 454
634 43
634 614
634 597
634 354
634 663
634 451
634 107
634 160
634 413
493 701
493 268
493 269
493 487
493 688
493 683
493 8
493 703
930 305
930 94
930 178
930 210
1409 548
1048 966
1048 572
1048 1050
1048 728
261 1410
261 414
261 180
261 13
261 687
261 284
663 454
663 89
663 162
447 426
447 343
447 429
447 13
447 484
447 193
447 1411
447 530
447 202
1027 453
1027 1025
1027 995
1027 548
1027 205
1027 178
1027 1412
1027 160
1027 1029
1027 1220
1027 210
1027 807
1227 529
1227 308
1227 548
1227 211
1227 807
1227 210
543 341
543 374
543 269
543 505
543 1088
543 238
543 574
543 28
728 1036
728 727
728 572
728 1244
728 467
728 1005
1413 133
1000 368
1000 1313
1000 913
531 683
531 18
531 180
338 830
338 579
338 93
338 1414
338 465
340 209
340 210
1415 248
1002 158
1002 43
1002 357
1416 191
1416 329
774 86
774 156
774 442
774 303
774 71
774 127
774 209
774 487
774 133
774 810
774 136
774 1313
774 10
162 703
162 71
162 89
162 460
162 159
162 434
162 311
162 454
162 81
162 136
1417 178
1418 1290
1418 1419
1418 1420
1369 8
1369 20
1369 300
1369 724
1369 282
1369 702
354 127
354 77
354 169
354 170
354 80
354 559
354 108
354 433
809 812
809 738
1421 1422
1421 178
1423 553
1423 478
1424 178
699 1069
699 133
20 383
20 1284
20 885
20 845
20 5
20 724
20 297
20 496
20 497
20 702
20 521
20 586
20 274
20 782
20 490
20 785
20 503
20 607
20 690
20 19
20 701
20 522
20 671
20 408
20 887
20 1082
20 603
20 230
20 511
20 890
20 512
20 514
20 436
20 516
20 685
20 188
1203 205
169 383
169 195
169 77
169 84
169 156
169 100
169 110
169 80
169 108
169 197
169 124
169 170
169 703
169 122
169 415
169 127
169 456
169 136
169 113
370 180
370 680
370 268
199 76
199 77
199 86
199 113
199 248
199 84
199 80
199 406
199 197
199 170
199 122
199 415
199 127
199 133
765 446
1164 1425
1164 21
1164 160
1164 705
1164 182
1426 548
1426 178
625 1427
625 993
450 548
450 583
651 80
651 108
651 90
651 559
651 248
651 84
651 133
651 484
651 136
651 122
1406 586
1406 6
1406 256
1406 785
1406 182
390 427
390 156
390 383
390 80
390 168
390 559
390 329
390 127
390 242
390 136
297 284
297 235
297 188
297 705
297 497
297 180
297 657
297 702
297 541
297 1263
297 687
297 18
297 21
297 24
297 511
297 268
297 274
297 675
297 681
297 465
297 684
1428 801
1428 1429
1428 1314
702 272
702 494
702 188
702 497
702 10
702 586
702 499
702 300
702 503
702 273
702 296
702 496
702 505
702 230
702 279
702 511
702 268
702 274
702 512
702 514
702 516
702 684
702 690
702 436
1098 1039
1098 467
1326 24
1326 494
1248 899
1248 727
1248 769
1248 903
907 204
907 180
907 1223
907 141
907 1224
907 908
397 1293
397 1430
397 1431
397 401
397 557
397 612
397 178
397 1432
397 1175
397 1212
1223 1226
1223 908
1433 178
1433 286
53 572
1096 467
1096 468
408 272
408 845
1434 578
1434 814
1434 178
1434 763
1435 567
76 341
76 427
76 71
76 105
76 77
76 81
76 84
76 86
76 100
76 110
76 192
76 393
76 167
76 156
76 80
76 108
76 430
76 197
76 112
76 365
76 23
76 170
76 311
76 387
76 225
76 121
76 122
76 124
76 168
76 127
76 90
76 174
76 131
76 133
76 137
76 1123
76 136
579 343
579 490
579 1284
579 1325
579 13
579 1263
579 446
209 796
209 71
209 207
209 311
209 807
209 497
209 154
209 84
209 442
209 823
209 548
209 912
209 204
209 210
209 1436
209 1313
209 148
209 460
1205 80
683 499
683 517
683 312
683 521
683 688
683 1067
683 701
683 670
683 675
683 890
683 274
683 817
683 269
1333 478
1209 1437
1209 467
1209 727
1209 217
1345 180
537 180
537 688
537 29
537 520
537 10
1040 628
1438 300
1175 1173
1175 205
1175 206
1175 1176
1175 213
1175 214
232 13
232 359
232 202
232 138
1439 1004
1439 28
706 521
706 18
706 180
706 13
706 182
1050 1045
444 573
1440 1150
1025 995
1025 548
1025 178
1025 1029
1025 1220
1025 807
478 1441
478 1442
478 1443
478 819
478 1329
478 100
478 1335
478 1444
478 1337
478 1445
478 1419
478 1330
478 1446
478 1332
478 1447
478 1339
478 1448
478 1336
478 1449
478 1334
478 1450
478 1451
478 1452
478 1453
990 225
990 667
990 180
627 628
627 1055
627 43
1454 1455
436 8
436 282
436 227
436 272
436 497
436 10
436 521
436 586
436 13
436 300
436 273
436 516
436 509
436 230
436 279
436 268
436 274
436 182
436 681
436 29
436 685
1143 158
1456 913
1457 296
667 156
667 1010
667 541
667 133
667 273
667 607
667 15
667 494
667 10
667 182
1376 178
81 86
81 406
81 202
81 23
81 124
81 562
81 312
81 387
81 590
81 137
1006 426
785 529
785 268
785 505
785 286
785 230
1180 541
1180 494
1180 182
329 383
329 311
329 192
329 157
329 92
329 141
329 402
329 555
329 80
329 559
329 388
329 170
329 454
329 1093
329 23
329 122
329 372
329 453
329 124
329 415
329 127
329 757
329 174
329 242
329 417
329 138
929 5
929 13
929 460
868 711
210 796
210 207
210 807
210 154
210 548
210 158
210 204
210 660
210 460
210 148
124 427
124 43
124 819
124 84
124 86
124 90
124 110
124 192
124 167
124 100
124 400
124 141
124 80
124 108
124 197
124 112
124 168
124 170
124 387
124 23
124 413
124 122
124 419
124 125
124 359
124 131
124 133
124 127
124 136
124 137
1458 548
1458 178
127 1459
127 86
127 100
127 619
127 107
127 136
127 341
127 197
127 80
127 755
127 559
127 454
127 374
127 381
127 77
127 84
127 90
127 221
127 555
127 406
127 112
127 168
127 23
127 225
127 122
127 417
127 174
127 132
127 427
127 71
127 105
127 188
127 156
127 113
127 192
127 108
127 110
127 170
127 456
127 131
127 133
127 458
127 137
127 138
41 40
41 1318
1226 908
136 89
136 305
136 313
136 86
136 121
136 94
136 159
136 578
136 380
136 341
136 650
136 110
136 80
136 160
136 383
136 77
136 947
136 84
136 90
136 92
136 191
136 1407
136 954
136 105
136 167
136 112
136 168
136 23
136 195
136 122
136 415
136 417
136 174
136 419
136 420
136 426
136 622
136 71
136 43
136 413
136 303
136 1161
136 433
136 156
136 113
136 1390
136 192
136 158
136 567
136 108
136 197
136 170
136 456
136 133
136 202
136 137
136 138
1460 429
512 521
512 279
512 701
512 296
512 5
512 300
512 273
512 282
512 499
512 497
1461 521
341 343
341 77
341 1091
341 86
341 113
341 100
341 195
341 80
341 197
341 23
341 121
341 122
341 415
341 768
341 131
341 133
875 883
875 876
875 878
875 879
875 880
875 881
885 230
1196 80
1196 77
1196 43
1196 163
1462 1003
878 879
878 874
878 883
878 876
878 880
878 881
724 300
724 10
277 230
277 10
277 685
522 180
522 29
522 684
522 497
912 590
912 548
912 823
1088 374
1088 248
1088 484
1088 160
1088 703
1463 1464
1463 549
1463 178
481 320
1465 812
1465 1466
1465 610
1467 178
80 311
80 189
80 86
80 578
80 620
80 1292
80 110
80 755
80 559
80 122
80 383
80 77
80 947
80 643
80 84
80 90
80 92
80 406
80 112
80 168
80 414
80 417
80 174
80 419
80 132
80 1288
80 613
80 427
80 71
80 454
80 192
80 108
80 197
80 131
80 133
80 137
80 138
755 43
755 84
755 156
755 191
755 402
755 303
755 170
755 454
755 415
755 417
755 242
755 28
755 380
755 138
1468 1282
374 156
374 1122
1469 433
286 180
286 272
286 225
286 465
286 497
286 10
286 705
286 442
286 645
286 1470
286 248
286 499
286 541
286 29
286 944
286 15
286 230
286 279
286 891
286 1211
286 274
286 926
286 11
286 28
286 688
286 283
286 284
969 66
969 942
381 427
381 333
381 168
381 242
381 607
381 274
381 195
381 685
381 84
383 427
383 77
383 10
383 300
383 108
383 197
383 112
383 369
383 454
383 559
383 1269
383 456
383 132
1471 217
1471 921
1471 1344
814 269
814 754
92 156
92 445
92 388
92 415
92 1372
92 242
92 380
903 898
903 899
903 727
903 1039
903 769
903 902
1472 391
1472 193
1212 305
1212 178
1212 548
409 918
1110 966
500 19
500 5
500 10
1473 141
174 77
174 197
174 192
174 487
174 402
174 434
174 108
174 110
174 23
174 415
174 90
174 131
174 417
174 138
419 156
419 484
419 192
419 133
419 160
419 23
419 703
419 68
862 986
862 583
1056 628
1056 1455
1056 43
148 1111
148 921
148 1474
148 154
425 615
425 168
425 170
425 586
425 230
425 559
425 137
425 372
426 453
426 43
426 1475
426 318
426 775
426 380
430 182
430 300
430 763
43 590
43 86
43 1150
43 402
43 1377
43 159
43 573
43 1476
43 703
43 121
43 1477
43 597
43 110
43 484
43 454
43 193
43 1478
43 1015
43 77
43 167
43 555
43 23
43 225
43 1479
43 122
43 63
43 228
43 622
43 105
43 434
43 958
43 113
43 938
43 305
43 158
43 197
43 1171
43 921
43 1279
43 732
43 133
43 137
879 874
879 883
879 876
879 880
879 881
705 521
705 688
705 300
705 15
705 18
705 670
705 225
705 330
705 675
705 230
705 274
705 182
269 497
269 10
269 180
269 499
269 13
269 296
269 15
269 701
269 1153
269 675
269 268
269 29
269 284
305 304
305 84
305 566
305 303
305 559
305 170
305 1123
93 590
93 125
93 1410
93 494
515 230
515 8
515 514
1480 158
810 623
810 1398
810 131
810 137
446 228
446 405
446 125
446 662
446 476
446 574
734 204
734 573
701 8
701 296
701 282
701 188
701 497
701 586
701 688
701 273
701 182
701 204
701 465
701 238
701 230
701 279
701 268
1481 178
900 898
900 769
21 204
21 8
21 268
21 335
21 207
21 1272
21 607
21 230
21 399
675 343
675 282
675 312
675 10
675 15
675 845
675 284
24 8
24 490
24 227
24 497
24 586
24 499
24 296
24 496
24 504
24 230
24 5
24 279
24 890
24 867
24 514
24 516
24 284
1437 1482
465 180
465 272
465 6
465 391
465 586
465 499
465 158
465 15
465 18
465 276
465 679
465 268
465 274
465 688
465 283
544 690
544 18
544 180
544 1082
544 296
544 10
544 442
460 521
460 28
460 225
460 567
282 401
282 5
282 188
282 497
282 586
282 782
282 688
282 503
282 1370
282 690
282 19
282 505
282 887
282 230
282 330
282 511
282 268
282 274
282 514
282 516
282 685
1221 476
1221 590
1483 178
1483 830
189 77
189 433
189 84
189 156
189 484
189 108
189 197
189 170
189 122
189 417
189 133
189 202
565 622
565 207
565 178
565 1377
565 185
565 918
86 71
86 84
86 156
86 100
86 192
86 406
86 110
86 112
86 23
86 77
86 122
86 202
86 131
86 133
86 137
100 71
100 84
100 89
100 110
100 132
100 94
100 108
100 406
100 197
100 112
100 23
100 225
100 77
100 121
100 122
100 125
100 131
100 420
100 133
100 202
100 1288
100 138
100 137
100 113
94 71
94 320
94 77
94 1484
94 1390
94 84
94 192
94 158
94 303
94 621
94 90
94 131
94 132
94 137
880 874
880 883
880 876
880 881
503 8
503 296
503 497
503 10
503 300
503 273
503 168
503 330
503 279
689 19
689 180
689 688
689 11
689 29
1485 178
1344 860
1344 217
1344 700
1486 621
1486 178
159 590
159 89
159 775
159 521
159 548
159 141
159 23
159 202
159 913
159 137
824 1133
1176 1173
1176 205
1176 213
1176 214
1176 206
1487 732
578 303
578 191
578 113
578 28
578 931
578 202
1488 178
1489 1113
1490 296
1047 572
697 1491
359 138
359 191
359 113
359 927
359 420
359 1263
359 1232
1314 548
1314 1358
484 429
484 303
484 597
484 236
484 559
484 160
484 1003
484 125
484 918
1118 1313
1492 1122
388 311
388 170
388 454
388 225
388 138
388 380
388 372
369 445
369 242
369 402
369 333
369 415
369 122
387 108
387 77
387 763
552 212
552 1493
193 807
193 90
193 384
193 954
193 105
193 230
193 680
193 137
691 926
691 442
899 898
899 902
1494 204
1494 559
1494 1237
304 1495
1291 133
1291 178
1039 178
520 521
520 180
520 268
520 225
520 519
520 11
520 29
520 10
643 197
643 77
1087 1005
1087 1086
1045 1238
1496 615
1496 170
1496 703
1496 138
399 197
399 817
399 1166
399 1122
1370 1153
1157 178
1157 217
112 427
112 313
112 84
112 108
112 406
112 110
112 122
112 23
112 121
112 90
112 417
112 133
112 138
195 401
195 168
195 1091
661 248
661 1497
1093 170
1093 202
1498 178
414 191
414 138
780 1325
780 248
780 621
1367 1499
1367 1005
1367 197
812 384
812 487
812 548
11 817
11 521
11 15
11 330
11 230
11 891
11 29
420 622
420 343
420 108
420 168
420 23
420 170
420 993
420 131
1229 548
1229 178
1288 131
560 434
1193 28
1103 296
1170 333
1170 191
1170 141
1170 311
1170 703
1161 89
657 238
657 671
657 10
938 898
535 10
535 516
158 1234
158 597
158 89
158 776
158 1390
158 84
158 207
158 1004
158 567
158 401
158 105
158 434
158 330
158 773
158 415
158 125
567 561
567 621
1085 1005
1085 1122
1171 23
46 40
1474 205
1474 553
1474 214
1474 1153
276 1500
276 197
276 681
276 29
276 225
276 10
268 490
268 517
268 497
268 688
268 300
268 273
268 204
268 296
268 18
268 504
268 1153
268 230
268 519
268 279
268 511
268 679
268 530
268 180
268 817
268 687
268 681
268 28
268 499
268 272
732 1397
242 620
242 311
242 1372
242 427
242 703
242 141
242 402
242 23
242 170
242 454
242 372
242 453
242 415
242 168
242 133
242 137
242 380
242 138
133 561
133 687
133 303
133 1398
133 330
133 77
133 121
133 163
133 597
133 84
133 190
133 559
133 614
133 1407
133 105
133 406
133 167
133 168
133 23
133 122
133 417
133 427
133 71
133 156
133 113
133 192
133 473
133 108
133 458
1055 628
1236 205
1236 995
1236 859
1236 557
1236 178
1236 1029
1236 1313
517 180
517 688
517 1263
517 8
517 852
517 763
860 549
860 178
860 160
1501 178
312 590
312 255
671 296
671 561
671 497
671 10
671 541
671 300
671 273
671 690
671 887
671 230
671 279
671 687
671 284
1502 548
206 205
206 830
206 1173
206 548
206 131
206 178
206 213
206 214
700 1503
700 1455
700 400
248 1094
248 197
248 1384
1504 160
15 10
15 442
15 521
15 499
15 541
15 29
15 330
15 230
15 679
15 516
15 283
687 5
687 10
687 180
687 13
687 487
687 499
687 108
687 703
687 890
687 926
687 516
619 365
914 178
121 84
121 442
121 156
121 71
121 105
121 406
121 113
121 23
121 160
121 77
121 122
121 125
121 90
121 559
121 131
121 28
121 1124
121 137
908 180
908 1224
343 561
343 680
343 191
343 225
1238 1475
1238 921
1238 931
5 8
5 490
5 494
5 514
5 10
5 521
5 688
5 504
5 890
5 245
5 509
5 1241
5 505
5 182
5 516
5 279
5 685
612 178
163 71
163 417
163 77
163 122
163 113
442 1067
442 284
615 191
615 170
615 138
178 1505
178 562
178 548
178 1152
178 405
178 1506
178 204
178 1232
178 1244
178 807
178 1507
178 50
178 211
178 830
178 1508
178 1431
178 1427
178 1509
178 1125
178 358
178 1107
178 1510
178 559
178 368
178 1511
178 205
178 42
178 1512
178 207
178 1220
178 1173
178 1513
178 215
178 214
178 1514
178 1380
178 213
178 1293
178 583
178 1515
178 568
178 473
178 1516
178 168
178 1517
178 131
178 1029
178 1518
178 1187
160 89
160 207
160 590
160 1519
160 807
160 597
160 157
160 71
160 1140
160 256
160 557
160 1125
160 105
160 197
160 572
160 330
160 1224
160 703
160 215
160 1075
160 1029
160 458
1165 330
931 748
1478 143
679 19
679 296
679 499
679 670
679 681
679 10
679 137
679 782
802 921
802 801
802 1520
802 1005
514 8
514 490
514 296
514 497
514 10
514 586
514 300
514 273
514 496
514 516
514 230
514 279
514 274
514 182
514 29
514 494
1318 39
1318 40
1318 47
1515 830
255 622
468 467
980 1513
980 191
300 1284
300 235
300 1330
300 497
300 586
300 690
300 19
300 670
300 887
300 1082
300 890
300 511
300 274
300 516
300 245
300 138
401 597
401 77
690 511
690 296
690 273
690 10
496 8
496 490
496 296
496 10
496 586
496 182
496 509
496 230
496 681
496 516
496 504
406 427
406 77
406 84
406 156
406 110
406 170
406 122
406 131
406 458
406 137
219 660
219 807
1407 131
1407 947
58 898
58 154
61 769
623 622
623 23
623 993
530 180
530 272
530 230
530 156
530 18
530 1153
530 225
530 511
530 284
530 137
490 499
490 504
490 509
490 230
490 681
490 516
1521 898
235 272
235 296
235 494
494 227
494 497
494 586
494 499
494 670
494 330
494 795
494 274
494 516
494 1384
494 245
1259 1293
499 182
499 497
499 10
499 586
499 782
499 504
499 230
499 279
499 516
499 284
192 427
192 71
192 77
192 84
192 167
192 156
192 108
192 23
192 122
192 417
192 138
607 272
607 10
6 505
6 230
995 996
995 859
110 71
110 613
110 433
110 84
110 108
110 197
110 357
110 559
110 77
110 122
110 417
110 456
110 131
1522 29
458 156
458 417
458 77
1187 830
1187 191
1187 214
1166 511
1166 272
1166 10
1029 548
1029 205
1029 807
1029 1220
1029 1412
202 311
202 405
202 521
202 107
202 108
202 307
202 157
202 1404
202 650
202 456
202 289
202 137
1518 404
1518 830
245 521
245 573
245 13
245 10
245 182
284 10
284 273
284 230
284 529
284 890
284 274
284 852
138 71
138 311
138 10
138 84
138 954
138 555
138 168
138 170
138 413
138 372
138 380
590 228
590 230
590 28
1234 548
1198 380
519 521
519 180
519 191
519 28
519 225
519 10
898 769
313 90
313 417
313 168
1509 757
1410 330
1410 384
1410 1523
548 89
548 207
548 807
548 823
548 820
548 1520
548 583
548 1125
548 1383
548 1524
548 204
548 921
548 738
548 830
548 214
548 1525
548 205
548 902
548 131
548 1526
1358 205
393 168
204 211
204 807
204 559
204 131
204 583
204 1380
19 8
19 586
19 541
19 230
19 511
1232 453
1232 454
1527 727
1527 902
703 557
703 828
703 451
703 646
703 221
703 303
703 168
703 559
703 230
703 1123
1241 13
867 273
867 182
867 10
1414 1124
1528 211
211 476
823 1313
1529 1322
1263 283
603 272
603 137
358 429
1530 1380
670 296
670 10
670 521
670 586
670 273
670 182
670 230
670 274
670 516
670 283
37 40
37 47
529 18
529 180
529 583
890 586
890 279
890 516
890 10
890 182
1211 586
1211 296
1211 10
863 113
863 748
913 1286
913 1525
1399 1282
227 521
227 8
227 180
227 182
227 10
84 427
84 89
84 303
84 77
84 71
84 156
84 108
84 197
84 113
84 23
84 122
84 365
84 415
84 168
84 417
883 874
883 876
883 881
143 217
1531 170
13 180
13 71
13 688
13 197
13 505
13 559
13 330
13 230
13 125
13 992
167 622
167 90
167 357
167 77
167 170
167 23
400 1532
400 10
1533 845
857 801
857 977
857 921
857 217
413 1294
413 415
413 108
122 71
122 77
122 622
122 613
122 90
122 197
122 156
122 108
122 23
122 170
122 190
122 427
122 559
122 415
122 456
122 433
122 131
122 417
122 137
927 748
927 505
927 516
1313 553
685 180
685 182
685 230
685 10
296 188
296 497
296 521
296 586
296 782
296 887
296 230
296 274
296 681
296 516
845 180
845 29
845 225
1534 156
1139 830
303 156
303 621
303 415
586 188
586 497
586 10
586 521
586 230
586 511
586 8
586 681
586 516
451 156
451 521
451 610
451 380
451 1122
170 71
170 156
170 1325
170 18
170 197
170 23
170 311
170 454
170 225
170 372
170 453
170 415
170 757
170 417
170 380
230 180
230 10
230 688
230 573
230 504
230 18
230 497
230 521
230 509
230 225
230 182
230 516
230 272
230 541
230 273
230 511
230 274
230 852
230 29
1404 156
1129 711
511 272
511 10
511 273
511 8
511 182
891 688
891 10
274 273
274 1082
274 279
274 137
817 18
817 180
817 182
561 191
561 918
180 1030
180 330
180 795
180 18
180 1224
180 497
180 182
180 944
180 505
180 1384
180 283
180 137
562 23
1372 333
1507 796
782 8
782 688
782 272
782 273
782 10
256 66
1086 1005
646 757
646 23
621 434
621 90
621 1519
628 467
727 467
727 769
336 225
1018 154
1018 1535
467 572
47 40
228 330
228 1082
228 225
557 28
557 583
1536 311
236 273
365 415
365 1508
559 427
559 71
559 156
559 197
559 23
559 415
559 333
559 417
559 132
1224 156
1224 141
368 1122
1346 844
1121 1122
215 830
215 207
874 876
874 881
1111 583
1111 154
77 650
77 90
77 105
77 417
77 132
77 427
77 71
77 433
77 156
77 113
77 108
77 197
77 456
77 131
77 137
807 1526
807 1220
807 830
497 8
497 10
497 273
497 279
497 505
954 453
954 757
954 1123
954 28
954 372
549 583
549 921
549 1537
105 71
105 156
105 597
105 108
105 23
105 137
434 131
168 427
168 429
168 23
168 417
23 622
23 433
23 156
23 90
23 1124
23 330
23 993
23 454
23 417
23 456
23 131
23 137
225 10
225 156
225 311
225 29
225 238
225 137
1005 902
1005 1097
415 311
415 1508
415 402
415 445
415 454
415 372
415 333
415 757
599 614
429 830
429 214
272 521
272 688
272 273
272 357
272 516
154 921
156 384
156 357
156 417
156 427
156 71
156 157
156 456
156 28
541 10
473 1122
197 108
197 137
921 217
921 801
283 10
283 521
283 688
283 1436
28 71
28 1294
28 688
28 391
1105 583
89 71
89 137
311 417
311 402
311 445
311 372
311 757
311 137
311 380
384 191
384 1287
402 445
402 454
402 372
402 333
405 487
887 10
887 182
330 521
330 18
330 182
330 29
238 521
978 217
333 141
333 454
597 191
597 505
1067 10
18 427
18 8
18 505
18 681
18 137
504 509
504 681
504 516
372 427
372 454
372 453
372 757
372 380
125 417
1503 1538
1503 1339
40 39
553 1512
553 741
553 738
553 1204
553 1297
521 516
90 108
90 417
191 357
191 417
182 944
182 516
404 395
205 207
205 1220
205 1173
205 830
205 213
844 1114
417 108
417 131
417 433
417 1122
132 108
213 830
213 1173
213 583
213 214
71 137
188 8
188 1539
188 273
273 505
273 516
876 881
1287 214
977 217
681 8
681 10
681 509
681 279
137 427
137 113
137 141
137 131
137 380
1284 10
8 505
8 516
1003 1122
10 688
10 1146
10 820
10 516
688 505
141 357
141 454
1304 1373
573 768
380 454
1525 610
830 207
830 131
830 214
456 757
279 505
279 516
212 958
1297 214
207 583
217 1540
1173 214
555 453
555 454
509 516
214 131
214 583
1541 610
613 108
427 108
454 453
113 131
131 583
505 29
