0 1
0 2
0 3
4 5
6 7
6 8
6 9
6 10
6 11
6 12
6 13
6 14
6 15
16 17
16 18
19 20
19 21
19 22
19 23
19 24
19 25
19 26
19 27
19 28
29 30
29 31
29 32
29 33
29 34
29 35
36 37
36 38
39 40
39 41
39 42
39 43
39 44
39 45
39 46
39 47
39 48
39 49
39 50
39 51
39 52
53 54
53 55
53 56
53 57
53 58
53 59
53 60
53 61
53 21
53 62
53 25
53 63
53 64
53 65
53 66
67 68
69 70
69 71
69 72
69 73
69 74
69 75
69 76
69 77
69 78
69 79
69 80
69 81
69 82
52 83
52 84
52 44
52 85
52 86
52 45
52 87
52 88
52 89
52 90
52 91
52 92
52 93
52 50
52 94
52 95
52 96
52 97
52 98
99 100
99 101
99 102
99 103
99 104
99 105
99 106
99 107
99 108
99 109
99 110
99 95
99 111
99 112
99 113
99 114
99 115
99 116
99 117
99 118
99 74
99 119
99 120
99 121
122 123
122 58
122 124
122 125
122 61
122 126
122 127
122 128
122 129
122 130
122 131
132 133
134 135
134 136
134 137
134 138
139 140
139 79
139 141
139 142
139 143
139 144
139 145
139 146
40 147
40 101
40 41
40 148
40 149
40 150
40 151
40 85
40 152
40 153
40 154
40 155
40 156
40 157
40 158
40 159
40 72
40 160
40 161
40 162
40 163
40 164
40 165
40 166
40 141
40 167
40 168
40 169
40 170
40 171
40 172
40 173
40 174
40 175
40 176
40 177
40 178
40 179
40 180
40 181
40 182
40 183
40 184
40 185
40 186
40 187
40 188
40 189
40 190
40 191
40 192
40 78
40 38
40 193
40 194
40 140
40 195
40 196
40 197
40 198
40 199
40 200
40 97
40 201
40 202
40 96
40 203
40 204
40 205
40 206
40 207
40 208
40 75
40 50
40 100
40 209
40 210
40 17
40 211
40 212
40 213
40 214
40 43
40 215
40 216
40 217
40 218
40 219
40 220
40 221
40 222
40 223
40 224
225 226
225 227
225 228
225 229
225 230
225 231
225 232
225 233
225 234
225 235
225 236
237 238
237 239
237 240
237 241
242 174
243 244
243 245
243 246
243 9
243 247
248 249
248 250
251 252
251 253
251 254
251 255
251 256
251 257
251 258
251 259
251 260
251 261
251 262
251 263
251 264
251 265
251 266
251 267
251 151
251 268
251 269
251 270
251 271
272 273
272 274
272 275
272 276
272 277
272 278
272 26
272 27
272 28
279 280
279 62
279 281
279 282
279 283
284 37
284 285
284 286
287 288
289 290
291 216
291 292
291 45
291 293
294 259
37 295
37 126
37 286
37 296
37 297
37 298
37 299
37 300
37 301
37 302
37 303
37 304
37 305
37 306
307 308
167 309
167 140
167 310
167 311
167 142
167 312
167 182
313 314
313 261
313 58
313 59
313 315
313 21
313 316
313 317
313 318
313 319
313 320
313 321
313 129
313 322
313 323
313 299
313 324
313 325
326 327
326 328
326 282
326 329
326 330
326 331
326 24
332 32
333 334
333 195
333 335
333 336
333 337
333 338
333 77
333 339
333 340
333 81
333 341
333 342
333 1
333 312
343 344
343 345
343 34
343 346
343 347
343 348
349 350
349 351
352 353
354 350
354 111
354 355
354 356
354 357
354 351
354 358
354 359
354 360
361 362
361 363
361 364
361 365
361 366
361 367
361 368
361 369
361 370
361 371
361 372
361 373
374 375
374 376
374 31
374 377
374 378
374 379
380 381
380 382
380 383
380 384
380 385
386 387
388 389
388 390
256 391
256 392
256 393
256 394
256 395
256 396
256 59
256 397
256 398
256 315
256 399
256 262
256 400
256 127
256 401
256 265
256 402
403 404
403 405
403 38
406 45
407 381
407 408
407 389
407 409
407 410
407 411
227 234
227 412
227 236
413 219
413 196
413 414
413 191
413 415
413 416
413 312
413 417
413 418
413 419
413 420
421 422
421 38
423 424
423 425
423 426
423 427
423 428
423 429
430 431
430 432
430 433
430 434
430 435
430 436
430 373
430 437
430 438
430 34
430 1
430 263
430 439
430 440
430 441
430 442
430 443
430 444
285 445
285 446
285 447
285 32
285 448
285 449
285 390
285 145
392 365
392 450
392 451
392 127
392 405
392 452
392 84
392 453
392 454
392 381
392 394
392 367
392 45
392 455
392 34
392 399
392 456
392 457
392 442
392 458
392 459
392 306
392 137
392 460
392 299
392 375
392 301
392 461
392 462
392 463
464 45
465 466
465 467
465 57
468 469
468 470
468 471
468 472
468 473
468 474
468 475
468 476
468 477
468 478
468 479
468 480
428 424
428 481
428 482
428 408
428 483
428 484
428 485
428 427
428 486
428 487
428 401
428 488
428 489
428 490
428 491
428 492
428 493
494 495
496 497
496 498
496 311
144 140
144 445
144 499
144 100
144 500
144 142
144 390
144 38
144 145
501 404
501 405
501 38
255 502
255 503
255 504
255 450
255 505
255 298
255 506
255 262
255 507
255 508
255 509
255 321
255 510
255 314
255 511
255 427
255 512
255 377
255 312
255 353
255 254
255 373
255 367
255 513
255 514
255 515
255 516
255 517
255 518
255 519
255 395
255 520
255 521
255 375
255 301
255 522
255 372
255 320
255 442
255 523
255 524
255 525
526 396
526 527
526 528
529 530
105 101
105 531
105 103
105 447
105 113
105 17
105 532
105 390
105 106
105 175
105 533
105 107
105 534
105 109
105 535
105 536
105 119
105 537
105 538
105 111
105 539
105 540
105 68
105 145
105 141
105 541
105 118
105 542
105 311
105 202
105 121
105 543
105 544
545 546
545 547
548 549
550 405
550 38
551 461
551 552
553 405
553 38
554 555
554 9
554 84
554 556
554 557
554 558
554 511
554 559
554 312
554 49
554 560
554 561
554 379
554 247
554 562
554 563
554 564
554 565
554 566
554 76
554 567
554 568
554 569
554 462
554 570
571 166
57 572
57 21
57 573
57 23
57 26
57 574
57 575
57 576
57 25
57 577
57 578
57 579
57 61
57 580
57 54
57 22
57 276
57 314
57 280
57 20
57 60
581 582
366 397
366 405
276 22
276 23
276 25
276 583
276 26
276 27
276 28
584 585
584 45
584 186
584 586
587 527
588 589
590 375
590 591
60 592
60 55
60 593
60 594
595 596
595 597
595 345
595 415
595 598
595 599
595 600
595 601
595 216
595 602
603 45
604 79
604 605
604 606
604 607
604 608
604 609
604 213
543 610
543 538
543 533
543 611
543 141
543 119
543 612
543 101
543 109
543 613
543 614
543 103
543 615
543 616
543 106
543 110
543 537
617 618
617 619
617 620
617 621
617 622
617 623
617 32
617 624
617 625
626 627
628 629
628 34
630 631
630 204
630 72
630 449
630 632
630 221
630 92
630 171
630 633
630 189
630 216
630 634
630 635
630 152
630 636
637 381
638 9
638 639
638 34
640 641
640 642
643 580
643 56
643 644
643 578
346 344
346 278
346 345
346 125
346 347
645 646
645 647
648 649
648 520
648 79
648 142
650 651
650 652
650 18
653 565
653 591
653 315
653 654
655 381
656 657
656 658
659 660
659 381
659 45
661 662
661 663
661 45
661 664
661 440
661 665
661 442
661 95
661 186
661 666
537 667
537 101
537 531
537 310
537 103
537 668
537 669
537 140
537 533
537 107
537 109
537 447
537 615
537 157
537 670
537 202
537 538
537 671
537 68
537 114
537 115
537 145
537 141
537 118
537 119
537 142
537 672
537 121
28 673
28 459
28 56
28 674
28 58
28 274
28 675
28 676
28 375
28 23
28 677
28 678
28 679
28 680
28 510
28 348
28 26
28 27
681 445
681 682
681 45
681 50
681 419
681 683
681 684
685 5
686 687
686 688
686 689
664 690
664 691
664 436
664 692
664 491
664 401
664 321
664 444
664 693
664 694
664 663
664 695
664 696
664 394
664 697
664 367
664 34
664 698
664 699
664 700
664 701
664 263
664 442
664 702
664 703
704 705
704 706
707 708
707 405
707 38
709 710
218 711
218 140
218 712
218 713
218 714
218 715
218 180
218 445
218 46
218 716
218 717
218 718
218 311
719 720
721 722
721 34
723 344
723 209
723 58
723 125
723 568
723 320
723 724
725 314
725 726
725 275
725 727
728 729
728 470
728 730
728 32
222 445
222 45
223 45
223 80
223 206
731 732
733 348
733 578
733 734
733 34
147 140
147 717
147 718
147 735
147 145
736 737
738 739
738 204
738 198
738 163
738 740
738 165
741 742
278 510
278 743
278 561
151 252
151 744
151 520
151 745
151 271
151 746
747 639
748 159
748 749
748 750
748 751
748 752
748 474
748 753
748 754
748 755
748 49
748 756
748 480
748 293
757 758
757 759
760 761
760 429
762 397
762 763
762 764
762 470
762 765
766 767
766 768
766 71
766 204
766 769
766 47
766 770
766 198
766 45
766 771
766 715
766 203
766 14
766 94
766 92
772 678
772 773
772 459
772 675
772 774
775 776
777 238
777 239
777 778
777 240
777 779
767 780
767 43
767 203
767 204
767 42
767 45
767 112
767 781
767 44
767 91
767 92
767 38
767 633
767 221
767 771
767 89
782 783
782 45
784 45
784 634
784 34
784 665
785 555
785 45
785 713
786 404
786 405
786 38
786 787
788 292
788 789
788 790
788 791
788 48
788 82
792 793
606 568
606 128
606 794
606 795
22 34
22 23
22 583
22 26
22 27
324 280
324 61
324 580
324 710
324 316
324 734
324 644
429 796
429 481
429 797
429 798
429 799
429 456
429 800
429 462
801 796
801 802
801 720
801 34
803 800
803 166
803 666
803 804
805 12
805 258
805 510
805 806
401 396
401 507
401 128
401 693
401 807
401 10
401 486
401 459
401 759
401 808
401 353
401 809
401 810
401 399
401 34
401 811
401 306
401 812
401 813
401 814
401 565
401 815
401 301
401 621
401 463
816 817
364 365
364 84
364 564
364 459
818 45
819 381
819 820
821 611
821 42
821 500
821 340
821 822
821 121
821 823
821 202
821 98
824 825
824 826
824 827
824 828
829 252
829 504
829 518
829 395
829 744
829 830
829 831
829 455
829 832
829 262
829 520
829 745
829 265
829 746
833 834
833 475
833 835
836 837
836 838
839 334
839 195
839 840
839 77
839 75
839 341
839 841
839 666
839 98
842 843
842 348
844 596
844 845
844 32
844 715
844 846
844 847
844 848
844 730
844 561
849 850
849 44
849 191
849 45
849 851
849 50
849 165
852 381
852 853
852 854
852 855
852 856
852 857
852 858
852 135
852 859
852 860
852 861
862 207
862 45
59 396
59 520
59 573
59 863
59 64
59 66
59 859
59 564
59 458
59 325
59 864
59 865
59 866
59 867
59 868
59 580
59 399
59 84
59 869
59 870
59 400
59 871
59 188
59 815
59 872
59 873
59 463
874 381
874 382
874 875
126 79
126 876
126 877
126 605
126 878
126 879
126 880
126 881
126 882
126 883
126 662
126 246
126 884
126 885
126 574
126 317
126 886
126 887
126 888
126 566
126 568
140 100
140 889
140 890
140 713
140 310
140 891
140 148
140 17
140 892
140 893
140 194
140 894
140 309
140 177
140 895
140 180
140 155
140 156
140 181
140 735
140 896
140 45
140 46
140 769
140 445
140 41
140 162
140 897
140 898
140 899
140 900
140 210
140 311
140 901
140 902
140 110
903 904
903 905
903 906
903 907
903 908
903 909
903 910
903 911
903 912
903 913
903 914
903 915
903 916
903 917
903 918
903 919
857 920
857 921
857 397
857 453
857 135
857 458
857 454
922 923
922 924
922 38
922 787
186 585
186 783
186 850
186 204
186 925
186 47
186 166
186 77
186 926
186 34
186 694
186 698
186 927
186 609
186 634
186 928
186 666
186 929
309 100
309 17
309 647
309 419
309 899
309 38
309 202
309 145
930 931
930 355
930 932
930 933
934 405
934 38
935 596
935 936
935 752
935 487
935 937
935 602
938 939
938 940
938 103
938 106
938 88
938 109
938 941
938 49
938 942
938 943
938 944
938 569
938 945
938 668
938 560
938 789
938 74
938 75
938 76
938 351
938 946
938 121
938 947
113 100
113 101
113 948
113 103
113 532
113 38
113 711
113 109
113 615
113 538
113 111
113 671
113 949
113 445
113 141
113 541
113 616
113 120
113 121
113 950
687 853
687 446
687 931
687 382
687 138
951 952
953 954
190 49
955 370
955 956
957 739
957 195
957 72
957 958
957 959
957 177
957 960
957 45
957 631
957 157
957 961
957 145
962 321
962 323
962 34
103 101
103 531
103 104
103 532
103 106
103 175
103 119
103 109
103 447
103 615
103 944
103 539
103 110
103 357
103 107
103 141
103 542
103 118
103 541
103 75
103 142
103 120
103 121
103 117
103 146
963 964
963 965
963 966
963 826
963 967
963 866
968 810
968 969
968 379
970 440
23 56
23 20
23 971
23 21
23 26
23 27
106 533
106 121
106 539
106 541
106 111
106 538
106 76
106 615
106 972
106 119
106 946
106 110
106 668
106 947
106 356
106 973
360 974
360 943
360 541
360 534
360 351
360 973
360 570
662 975
662 976
662 481
662 84
662 365
662 814
662 977
662 515
662 594
662 720
662 621
662 978
662 979
662 980
662 981
662 213
982 983
982 984
982 936
982 985
982 986
987 988
987 878
987 301
987 989
987 512
990 252
990 504
990 518
990 265
990 395
990 832
990 455
990 262
990 720
991 992
991 993
932 931
994 995
994 996
994 530
994 399
994 508
994 997
994 461
257 252
257 998
257 744
257 999
257 1000
257 1001
257 1002
257 1003
1004 1005
1006 45
538 101
538 141
538 111
538 615
538 972
1007 117
1007 109
1007 614
1007 101
1007 121
1008 38
260 252
260 831
260 439
260 265
965 1009
965 1010
965 288
965 1011
965 327
965 866
965 282
965 1012
965 863
965 318
965 1013
965 966
965 734
965 1014
965 967
965 1015
965 1016
965 826
965 1017
1018 481
1019 1020
1021 1022
1021 1023
1024 715
1024 45
1024 480
1024 945
1024 1025
900 1026
900 1027
900 338
900 46
900 142
900 179
900 80
900 671
900 1028
900 145
1029 613
1029 541
1029 119
1029 675
1029 356
1029 614
1029 678
1029 459
814 813
814 578
814 396
814 450
814 24
814 815
814 621
814 1030
814 843
993 247
993 240
993 1031
993 565
993 128
50 194
50 1032
50 1033
50 958
50 541
50 47
50 97
50 158
50 633
50 41
50 555
50 89
232 412
232 229
232 1034
232 1035
232 231
232 1036
232 1037
232 235
232 233
232 234
232 627
232 230
232 34
232 236
1038 435
1038 858
42 739
42 1039
42 44
42 149
42 97
42 559
42 83
42 416
42 221
42 171
42 180
42 1040
42 94
42 768
42 95
1041 196
1041 1042
1041 713
1041 416
1041 221
1041 1043
1041 94
1044 1045
1044 381
1044 1046
1044 422
1047 1048
1049 1048
446 209
446 1050
446 100
446 1051
446 1046
446 616
432 433
432 437
432 1052
432 34
432 441
432 440
432 800
432 442
1053 453
1053 1054
1053 621
1053 1055
1053 34
1056 45
535 611
535 945
535 118
535 1057
535 671
535 48
1058 701
918 906
918 907
918 908
918 914
918 910
918 911
918 912
918 913
918 915
918 917
918 919
1059 1060
1061 141
1061 160
1061 1062
1061 45
1061 1063
1061 631
1061 1064
1065 674
1066 1067
1068 399
1068 564
1068 795
1068 253
1068 301
1068 1069
1068 320
1068 1070
1068 679
1068 458
1071 314
1071 793
1071 396
1071 329
1071 238
1071 1072
1071 24
1071 523
1073 607
441 433
441 437
441 34
441 1074
441 372
441 442
1035 226
1035 1075
1035 412
1035 228
1035 229
1035 1076
1035 230
1035 1036
1035 1077
1035 231
1035 1037
1035 233
1035 234
1035 627
1035 236
1078 1079
1078 1080
1078 426
1081 1082
1081 1083
1081 1084
937 1085
937 1086
937 683
937 32
224 1087
224 45
224 769
27 56
27 26
1088 523
1089 1090
1089 1091
830 252
830 518
830 395
830 831
830 262
830 745
830 379
830 746
830 1092
1093 445
1094 1095
1094 325
1094 1096
1094 56
1094 873
1097 727
558 425
558 1098
558 483
558 1099
558 1100
558 1101
558 511
558 1102
558 427
558 1103
558 1031
558 1104
558 1105
558 740
1106 1107
1106 530
1106 244
1106 639
1106 1013
1106 1108
1109 546
1110 746
649 292
649 508
649 1111
649 1112
649 1113
649 1114
1115 1116
1115 1117
1115 1118
466 34
499 100
499 613
499 1119
499 1120
499 743
499 470
499 88
499 171
499 80
499 419
499 94
499 1121
499 1122
77 195
77 840
77 337
77 338
77 1123
77 339
77 1060
77 341
77 48
77 81
77 1124
1125 34
873 188
873 325
873 1126
873 1013
873 966
873 1030
873 1014
168 84
168 197
168 365
168 198
168 557
168 405
168 1127
168 765
168 420
168 145
462 353
462 1128
462 367
462 460
462 486
462 1129
462 456
462 1130
462 569
462 1131
462 1132
1133 1015
1133 1134
1135 396
1135 1136
1135 209
1135 35
1137 1138
1137 370
1139 252
1139 1140
1139 375
1139 258
1139 268
1139 1141
1139 239
1139 271
1139 1142
1139 1080
1139 1143
56 592
56 1126
56 1144
56 710
56 580
56 21
56 62
56 576
56 280
56 1030
56 583
56 598
56 1145
56 644
1146 402
1146 1147
1146 1148
1146 1149
1146 1150
365 375
365 369
365 507
365 675
365 815
365 515
365 1151
365 7
365 290
365 678
365 1152
365 510
365 1153
365 1154
1118 1116
1118 1155
1118 1117
170 45
170 713
170 635
170 95
170 145
1156 1157
1156 109
1156 771
1156 1158
1156 891
1156 671
1156 1159
1156 211
1156 599
1156 202
1160 470
1160 1161
1160 1162
1163 936
1163 405
1164 616
1164 137
1164 138
1164 1165
1166 1098
1167 549
1167 408
1167 389
1167 177
1167 530
1167 989
1167 1168
375 878
375 128
375 9
375 749
375 1169
375 511
375 1170
375 512
375 32
375 312
375 756
375 1171
375 1172
375 344
375 618
375 373
375 1173
375 367
375 399
375 370
375 317
375 1174
375 378
375 510
375 1175
375 58
375 460
375 372
375 607
375 623
1144 280
1144 1176
1144 1177
1042 667
1042 112
1042 339
1042 1178
1042 1179
1180 1045
1181 826
330 528
330 131
330 578
1182 48
495 399
495 1171
495 561
495 1183
181 899
181 156
181 500
181 192
181 671
181 448
181 631
181 417
181 1184
181 668
181 162
181 1185
181 896
1186 45
1187 127
1187 561
1187 679
1187 1188
1120 1189
1120 1190
1120 789
1191 213
357 445
357 541
357 107
357 667
357 1192
357 80
745 252
745 504
745 518
745 395
745 831
745 455
745 262
745 265
745 523
745 271
1193 1067
1193 940
1193 45
1194 1045
1194 1195
1194 720
1194 306
976 125
1196 425
1196 754
187 177
187 559
187 479
187 1045
187 182
286 591
286 1197
286 1198
286 510
286 379
1199 940
1199 440
1199 387
188 1200
188 1136
188 605
188 1201
188 863
188 676
188 796
188 1202
188 1203
188 325
188 1204
188 1205
188 213
188 1206
188 1020
188 327
188 422
188 345
188 1013
188 1207
188 33
188 400
188 130
188 1014
188 1208
188 524
188 1209
1210 555
1210 1211
1210 795
263 436
263 394
263 299
263 698
263 442
263 444
263 701
1212 565
641 1213
641 1214
641 427
641 100
916 1215
916 1216
916 1217
916 908
916 1218
916 911
916 1219
916 1220
848 250
848 1221
848 1222
848 487
848 646
124 131
124 594
124 322
124 1208
124 1176
1223 1224
1223 1016
1225 1226
1225 58
363 530
363 45
363 405
363 515
1227 422
1227 38
926 199
926 1228
926 665
926 34
926 666
127 1229
127 1230
127 396
127 1231
127 347
127 345
127 1232
127 644
127 549
127 578
127 1233
127 61
127 315
127 370
127 1072
127 458
127 58
127 565
127 679
127 397
127 65
127 1209
636 1234
636 1235
1236 713
1236 716
38 1237
38 303
38 1238
38 891
38 1239
38 1240
38 1241
38 1242
38 155
38 735
38 1243
38 1244
38 1245
38 1246
38 1247
38 1248
38 162
38 148
38 1249
38 1250
38 1251
38 1252
38 1253
38 1254
38 1255
38 1256
38 948
38 882
38 1257
38 295
38 1258
38 1259
38 960
38 1260
38 1261
38 1262
38 1263
38 1264
38 1265
38 1266
38 1267
38 1268
38 1269
38 1270
38 1271
38 1272
38 629
38 1273
38 1274
38 1275
38 1276
38 1277
38 1278
38 1279
38 1280
38 1281
38 32
38 1282
38 1283
38 1284
38 1285
38 196
38 197
38 1286
38 109
38 1287
38 1288
38 1289
38 202
38 1290
38 1291
38 1292
38 1293
38 300
38 1294
38 1295
38 1296
38 500
38 1297
38 1298
38 959
38 1235
38 1299
38 1300
38 100
38 296
38 1301
38 80
38 1302
38 1303
38 1304
38 1305
38 1306
38 1307
38 1308
38 1309
38 1310
38 1311
38 1312
38 1313
38 1314
38 1315
38 1316
38 1317
362 299
362 510
71 44
71 191
71 1318
197 96
197 204
197 196
197 45
1319 1320
1319 452
200 93
1321 83
1321 771
1321 1060
1321 715
1321 616
1321 989
1321 17
1321 1322
1321 1025
1321 49
1321 1122
1288 708
1288 405
1108 1323
1108 377
1108 1324
1108 1107
1108 1325
1108 244
1108 639
1108 510
1326 967
1326 793
1326 866
1326 734
1326 1327
454 1136
454 1328
454 135
454 458
1329 1330
204 292
204 781
204 80
204 609
204 1331
204 85
204 89
204 198
204 221
204 90
204 180
204 92
204 14
204 665
204 1332
204 214
204 203
204 634
204 1333
204 983
204 163
204 217
204 925
204 739
204 928
204 166
204 585
204 633
204 984
204 961
204 1334
1335 1336
1335 264
699 434
699 1230
1037 1075
1037 412
1037 228
1037 229
1037 1034
1037 1036
1037 230
1037 231
1037 235
1037 627
1337 1338
41 44
41 45
41 47
41 92
41 80
41 1339
41 165
41 1340
1341 78
1342 427
118 101
118 531
118 104
118 117
118 532
118 119
118 534
118 109
118 615
118 110
118 613
118 111
118 539
118 541
118 540
118 107
118 141
118 542
118 121
118 146
1343 1344
1343 470
1343 32
1001 252
1001 746
1297 422
1297 405
121 974
121 79
121 611
121 101
121 531
121 310
121 1345
121 17
121 146
121 746
121 175
121 434
121 107
121 108
121 534
121 1346
121 109
121 536
121 119
121 202
121 143
121 613
121 944
121 539
121 1347
121 111
121 398
121 671
121 1070
121 114
121 116
121 141
121 542
121 1348
121 1349
121 356
121 612
121 616
121 120
121 110
121 950
121 544
121 532
583 21
420 100
420 1350
420 45
420 145
524 424
524 425
524 483
524 10
524 58
524 1351
524 450
524 511
524 460
524 1198
524 1352
524 301
524 1353
524 320
524 461
524 1354
524 323
1009 288
1009 1011
1009 866
1009 1012
1009 1013
1009 1017
1009 734
1009 967
1009 826
1009 676
1009 1016
1355 1356
1355 1176
1355 1177
1355 1357
1358 1359
1358 293
1358 1360
1358 473
1358 675
1358 459
419 791
419 1361
419 445
419 311
419 397
419 405
419 192
419 1362
419 671
419 1363
419 823
419 959
419 684
419 735
419 893
419 1364
419 898
1365 1082
1365 899
1365 356
1365 631
1365 145
1365 896
1366 70
1366 697
1366 405
1366 422
1366 34
1367 338
426 722
426 1368
426 696
426 367
426 1369
426 605
426 608
426 1100
426 1370
426 490
426 1371
426 1354
259 12
259 3
259 789
1067 1372
1067 45
1067 355
1067 148
1067 221
1067 1373
1067 1192
1067 1374
1067 669
1375 334
1375 219
1376 1377
1376 382
1378 62
1379 45
1379 293
1379 1380
1381 461
1381 397
1381 34
1233 24
1382 729
1382 1383
1036 412
1036 228
1036 229
1036 1076
1036 1034
1036 231
1036 230
1036 233
1036 234
1036 627
1036 235
1036 236
1384 566
1384 591
1384 508
1384 34
706 1385
706 1386
114 533
114 111
114 539
114 542
114 109
114 142
114 614
114 110
114 120
114 119
114 1387
114 667
114 1122
114 544
482 424
482 483
482 1388
482 1151
482 489
482 561
1389 1390
1389 247
1391 776
793 329
793 528
793 1213
793 1017
793 966
1392 1393
1392 372
1394 45
1395 353
1395 1396
1397 1398
1397 936
1397 1399
1397 985
1397 1400
1397 1401
1397 983
1397 1402
1397 1403
1397 1374
980 508
980 476
980 1404
980 720
980 746
65 247
65 245
65 878
65 702
591 566
591 399
591 1405
1406 1407
48 43
48 1085
48 176
48 1062
48 563
48 1408
48 192
48 927
48 173
48 95
48 1409
48 98
711 1082
711 1410
711 1411
711 1412
711 1216
711 714
711 1413
711 120
711 1087
1162 1414
1162 32
1162 1415
1162 487
275 316
1052 433
1052 442
474 1416
474 1417
474 730
474 125
474 32
474 497
474 841
474 1418
474 1419
1420 425
1420 353
1420 1421
1420 1386
1420 1422
1420 427
1423 1424
1423 1425
1423 244
622 508
622 1013
622 89
622 92
1426 58
1426 1427
1426 325
1426 1013
1426 1030
1426 1428
1426 1429
1430 459
1430 1195
1430 1431
1430 1432
1123 195
1123 196
1123 752
1123 1433
1123 635
1123 1434
1123 683
729 690
729 1027
729 1435
729 1436
729 1437
729 743
729 598
729 1438
162 100
162 589
162 712
162 1439
1440 95
808 1441
808 306
813 397
813 621
813 843
813 26
888 887
888 370
888 880
888 621
888 886
229 412
229 1034
229 231
229 235
229 234
229 627
229 230
229 236
102 1442
102 1443
102 1214
102 116
1444 1445
1444 459
1444 675
1444 1446
1228 1447
1228 1448
1228 697
1449 798
1449 618
1450 1048
1451 577
974 1347
974 75
974 716
974 351
974 359
344 209
344 1452
344 1432
344 1214
344 347
344 1453
344 481
344 1454
344 837
344 427
344 1353
344 1455
344 397
344 809
344 1456
344 345
344 125
344 164
344 1457
344 1152
344 461
1458 690
1458 431
1458 701
1458 440
1458 804
1458 444
531 101
531 141
531 107
531 109
531 117
531 390
531 872
531 120
531 532
531 110
531 202
531 174
104 141
104 74
104 110
1213 1013
1213 966
1213 826
1213 1459
1213 866
508 123
508 776
508 1460
508 520
508 128
508 1030
508 1461
508 975
508 979
508 10
508 1232
508 290
508 274
508 1462
508 1463
508 1464
508 1465
508 1466
508 1467
508 619
508 999
508 621
508 461
508 1468
172 45
1469 1470
1469 1220
1045 1471
1045 408
1045 177
1045 1169
1045 1472
1045 1192
1045 1445
1045 1473
323 1452
323 10
323 355
323 838
323 1474
323 1353
323 320
1475 1476
1475 1477
1478 96
1478 45
1478 98
1062 469
1062 1408
1062 45
1062 713
1062 312
1062 1479
1062 193
1062 171
1306 405
484 1480
484 1140
484 1435
484 1481
484 480
484 479
484 1151
484 765
484 489
484 95
484 754
180 890
180 714
180 1482
180 1339
180 89
180 88
180 198
180 97
180 92
180 87
180 159
180 45
180 671
180 417
180 165
180 445
180 47
180 715
180 1483
1063 45
1484 325
245 247
245 1154
245 1128
245 878
245 1421
245 440
245 1325
245 1485
245 129
245 702
245 9
335 1486
335 445
335 470
335 95
335 1487
1488 1421
1489 45
1072 1490
1072 574
1072 1020
1072 1491
1072 58
1072 274
1072 61
1072 580
1072 21
1072 1462
1072 1010
1072 24
1072 467
1072 1030
1072 62
1072 644
1072 1492
1040 557
1040 350
1040 182
1040 1493
1040 1494
1495 253
1496 440
1497 768
1498 1048
1499 523
1500 34
1501 539
1211 1502
1211 1503
1211 1460
1211 1105
1222 783
1222 928
1222 34
1222 321
1222 1504
1222 693
305 325
305 1030
305 1491
305 1014
1432 552
1432 209
1432 1505
1432 697
1432 1195
1432 598
1432 1474
1432 290
396 491
396 1506
396 573
396 509
396 511
396 1203
396 290
396 1459
396 1171
396 247
396 1386
396 397
396 399
396 516
396 1507
396 1508
396 21
396 1154
396 58
396 11
396 1509
396 568
310 80
310 141
310 948
310 1510
310 1511
310 417
310 115
310 899
310 145
55 1512
55 702
55 405
78 72
78 958
78 739
78 472
78 47
78 961
1513 35
956 308
1514 1515
1514 1516
1514 1517
1514 1518
1514 1519
1514 520
1514 1520
669 45
669 387
669 1521
669 684
1522 100
1522 445
1522 893
749 250
749 1026
749 1060
749 1002
749 417
749 756
749 740
749 268
1169 996
1169 460
1169 530
1169 1491
1169 456
1169 619
1169 459
1523 422
1524 370
312 555
312 1027
312 765
312 510
312 152
312 452
312 195
312 153
312 49
312 95
312 1525
312 1526
312 768
312 763
312 250
312 397
312 1527
312 417
312 480
312 1528
312 597
312 340
312 1529
312 1530
1112 1531
1112 1113
1112 1111
1112 1114
1532 720
585 783
585 609
585 1487
585 199
585 694
585 1074
585 1533
585 666
585 634
585 45
585 1534
585 698
585 1527
585 439
585 1535
585 928
585 925
585 299
585 5
585 442
845 1147
845 1509
845 809
845 978
996 1206
996 1152
240 1536
240 778
240 1537
240 779
240 239
240 1352
240 238
240 1494
240 1538
1539 70
1539 45
1540 11
1540 1509
1336 523
1541 445
399 555
399 450
399 451
399 1542
399 1188
399 1476
399 510
399 246
399 84
399 564
399 557
399 511
399 253
399 1543
399 1171
399 1231
399 379
399 549
399 607
399 675
399 498
399 459
399 565
399 1544
399 566
399 1545
399 1546
399 1147
399 679
399 621
399 267
399 523
1547 370
1547 1548
1547 34
599 100
599 470
599 713
599 1087
599 1526
1466 1549
1466 522
445 79
445 336
445 47
445 171
445 80
445 89
445 174
445 684
445 44
445 1550
445 895
445 97
445 536
445 1551
445 1521
445 95
445 1338
445 1552
445 87
445 791
445 498
445 1553
445 1554
445 735
445 68
445 1533
445 750
445 311
445 1555
445 972
445 635
445 713
445 961
1531 1556
1531 1113
1531 1111
1531 1114
1557 382
1075 228
1075 1558
1559 1486
1559 946
1408 1560
1408 83
1408 159
1408 1561
1408 889
1408 219
1408 1254
1408 768
1408 156
1408 1121
1408 1526
1562 1177
355 116
355 945
355 540
355 497
355 206
355 1418
355 740
355 1122
355 1563
1482 100
1482 292
1482 890
1482 86
1482 45
1482 87
1482 165
892 68
892 45
1564 183
1226 673
1226 1208
1226 1565
149 768
149 1434
9 1566
9 549
9 1128
9 841
9 1230
9 1567
9 262
9 989
9 564
9 1568
9 320
9 1188
9 129
9 58
1119 1569
1119 1570
1119 145
663 1571
663 701
663 697
663 34
663 695
663 1572
663 372
663 694
663 444
695 1573
695 972
695 1574
695 1575
1153 691
933 136
933 878
933 1576
933 1577
933 861
1 2
1 1578
1 509
1 321
1 442
1 523
1092 252
1092 518
1092 744
1092 398
1092 271
1092 265
1579 370
1579 1580
589 1581
589 1582
589 161
589 1316
589 1583
754 43
754 1584
754 1101
754 475
754 1585
754 49
754 480
754 1586
516 450
516 520
516 373
810 1587
810 483
810 1588
74 1589
74 1590
74 75
74 1591
74 950
74 1592
74 1340
1101 743
1101 475
1101 440
1101 1585
802 30
802 1593
802 247
802 565
802 31
802 1594
802 1595
802 1030
802 213
1596 500
1596 142
1596 1413
1126 314
1126 1020
1126 574
1126 1490
1126 61
1126 21
1126 62
1126 1492
1126 24
1126 467
1126 322
1597 424
1597 299
1597 427
1598 732
148 783
148 1372
148 350
148 45
148 100
148 80
148 1599
1127 776
1127 623
1127 988
1127 481
1600 936
1339 45
905 904
905 906
905 907
905 908
905 909
905 910
905 911
905 912
905 914
905 915
905 917
905 919
1322 1122
246 353
246 250
246 397
246 476
246 298
246 32
246 12
246 301
246 1555
246 621
246 815
246 459
246 348
107 101
107 533
107 119
107 534
107 615
107 110
107 944
107 539
107 111
107 668
107 141
107 117
107 541
107 616
107 120
1148 509
253 434
253 1149
253 395
253 34
253 262
253 1601
253 523
239 1563
239 238
239 150
239 779
239 778
239 1602
377 1603
377 674
377 1604
377 367
377 397
377 1605
377 716
377 598
377 1606
377 1607
377 1608
377 1609
377 1610
156 1611
156 559
156 1185
156 896
1171 353
1171 1612
1171 564
1171 555
1171 511
1171 1613
1171 320
1171 379
577 314
577 574
577 58
577 843
577 1614
577 63
1615 230
1020 316
1020 1205
1020 21
1020 62
1020 1429
1020 594
1020 1616
1020 1565
254 252
254 832
254 518
254 395
254 1100
254 1000
254 270
1617 267
1617 742
1617 523
1617 258
1618 267
1618 509
769 889
769 32
769 498
769 1025
769 1064
769 1619
769 1371
826 1177
826 1205
826 1620
826 1010
826 1017
826 331
826 322
826 866
826 327
826 1012
826 1013
826 966
826 967
826 1176
826 734
826 288
234 226
234 412
234 1077
234 1034
234 231
234 1621
234 1558
234 233
234 1622
234 230
234 235
1113 795
1113 1111
1113 1114
1623 1048
1624 135
1624 381
1624 1594
1080 690
1080 1509
1080 999
435 1625
435 288
435 509
1626 1627
542 533
542 84
542 539
542 541
542 119
542 101
542 111
542 614
542 120
542 532
542 110
855 702
855 458
855 1628
1629 1502
1629 136
479 646
479 216
479 732
479 1418
1630 440
1630 693
1330 1631
1330 1086
1330 1632
1330 205
1330 602
1330 1526
1633 1634
1635 642
1636 697
1636 1637
1636 34
1636 439
1636 440
1636 804
1051 381
1051 1542
1051 1638
1051 1639
1051 887
1051 463
1051 137
799 1640
799 1641
799 525
1642 290
1642 1031
1345 539
1345 101
1345 109
1345 532
1345 718
1643 502
1643 456
1643 989
1643 737
1643 33
1643 213
1566 1325
1566 1154
710 280
710 1644
710 1645
710 580
710 21
710 61
710 576
710 1646
1647 34
557 555
557 84
557 569
557 511
557 1543
557 679
557 1188
557 348
557 564
557 98
1648 176
753 1649
753 1650
753 541
753 338
753 75
753 76
753 1060
753 1591
753 1651
753 1652
753 82
1266 923
1266 405
867 1013
867 64
31 1593
31 1653
31 370
31 422
31 680
397 1654
397 1542
397 1655
397 376
397 450
397 1556
397 510
397 64
397 1656
397 1128
397 1604
397 1605
397 512
397 32
397 1353
397 759
397 1057
397 865
397 1657
397 30
397 247
397 1446
397 367
397 716
397 795
397 515
397 68
397 458
397 843
397 425
397 1593
397 456
397 58
397 460
397 461
397 463
724 434
724 1441
724 367
724 369
724 1658
724 1659
724 520
1660 1661
1660 1662
791 195
791 414
791 716
791 1663
7 13
7 98
7 510
7 15
7 525
1005 713
1005 1334
1664 456
1664 1665
1666 1238
1666 408
1666 787
1666 1246
1666 1667
1666 1668
1666 207
1666 1445
652 651
652 730
652 18
1083 1084
1083 1669
1083 1142
925 783
925 166
925 671
925 609
1670 493
249 1060
249 202
249 145
631 1671
631 1032
631 72
631 141
631 100
631 177
631 45
631 1672
631 616
631 958
631 390
631 216
1452 1453
1452 561
389 746
389 470
389 1673
389 1674
389 367
389 45
389 1393
389 1675
389 1676
389 325
389 680
389 440
389 1026
389 1533
389 11
389 1677
389 920
1136 1543
1678 34
737 1679
737 247
737 298
737 301
737 1680
737 33
651 18
1448 1100
10 511
10 299
10 1681
198 770
198 86
198 1060
198 635
198 1434
198 165
559 336
559 142
559 823
559 201
559 145
459 690
459 79
459 776
459 298
459 678
459 883
459 510
459 1682
459 1683
459 1684
459 1422
459 1605
459 512
459 1588
459 549
459 373
459 1641
459 515
459 317
459 608
459 270
459 1685
459 58
459 301
459 372
459 368
1138 1245
1138 1686
1138 1687
1138 303
1138 1280
1138 304
1138 1249
1138 1283
997 456
997 1202
997 298
1521 713
1521 45
1649 1650
1649 75
1649 1591
1649 76
1649 1651
1649 1087
1649 1652
1688 370
1013 209
1013 1689
1013 676
1013 391
1013 1017
1013 866
1013 288
1013 1690
1013 327
1013 422
1013 1012
1013 317
1013 1691
1013 1207
1013 967
1013 870
1013 1016
1013 734
1013 1095
1013 1014
1013 130
1013 966
1692 1693
1692 1694
1585 1695
1585 743
1585 250
1696 96
1697 404
137 381
137 859
137 1655
137 1031
137 515
137 1698
137 1046
137 136
137 1328
137 382
137 458
566 424
566 564
566 565
566 450
566 815
566 522
713 555
713 1039
713 79
713 1025
713 1699
713 192
713 952
713 91
713 17
713 80
713 82
713 152
713 1700
713 1701
713 1702
713 1703
713 199
713 752
713 1704
713 487
713 449
713 193
713 93
713 49
713 1533
713 1560
713 682
713 716
713 1705
713 1706
713 823
713 1707
713 1708
713 1650
713 1709
713 1710
713 750
713 75
713 292
713 1530
713 1711
1351 258
1712 823
1712 541
1712 540
1712 142
1712 668
1712 735
1712 145
17 100
17 1483
17 1713
17 449
17 899
17 157
17 735
17 202
17 896
17 45
17 46
17 1714
17 145
17 739
17 1533
17 141
17 541
17 902
1299 405
582 338
123 408
123 1207
123 405
123 1715
123 1462
123 1010
123 621
1177 580
1177 370
1177 1716
1177 594
1177 322
1717 1718
879 1060
879 1461
879 1714
678 1719
678 481
678 1421
678 1348
678 654
678 1129
1720 100
1720 145
1721 440
1721 1105
1722 348
1033 1486
1033 1723
1033 1724
1033 891
1033 478
1033 32
1033 417
1033 1725
1033 898
1702 480
895 98
895 145
1726 708
49 555
49 483
49 789
49 1695
49 771
49 470
49 567
49 715
49 173
49 480
49 379
1727 100
1727 95
1727 891
1727 45
1727 98
1728 511
1728 1154
1728 440
1604 1653
1604 440
1729 983
1729 1414
1729 1730
1729 525
1064 1082
1064 1410
1064 100
1064 311
1064 1669
1064 633
1632 340
1632 76
1632 1591
708 1237
708 1731
708 642
708 404
708 1285
708 418
708 1302
708 1316
708 1295
708 1235
1732 831
1732 510
1733 1048
217 292
217 203
217 45
217 781
217 92
904 909
904 917
904 906
904 907
904 908
904 914
904 910
904 911
904 912
904 913
904 915
1421 998
1421 654
1421 1574
1421 1691
1421 440
1421 1734
1359 45
116 45
116 111
116 76
116 1214
116 80
116 1442
1637 1735
1637 520
1637 1441
1736 1737
1736 556
1736 1354
1736 654
143 175
143 541
143 145
143 120
143 973
143 544
1738 515
1738 273
843 424
843 315
843 522
843 621
843 1429
961 96
961 1713
961 45
961 46
961 1574
961 718
961 216
961 1032
961 1675
690 431
690 800
690 795
690 299
690 507
690 1572
690 675
690 440
690 665
690 321
690 442
690 510
690 703
1039 586
1140 701
1140 998
1140 1739
1140 520
1140 1740
1140 509
336 145
1741 84
1715 58
1742 387
1742 1743
1142 1683
975 720
975 608
1744 1491
241 331
1203 209
1745 34
1746 1048
1747 45
1057 422
1748 194
1749 924
1750 778
913 906
913 907
913 908
913 909
913 910
913 911
913 912
913 914
913 915
913 917
913 919
1320 34
1751 720
887 58
887 846
887 886
887 525
1752 509
1753 316
1753 26
1754 1755
1756 45
1757 838
1758 1506
1758 959
570 939
570 667
570 75
570 356
570 82
525 1759
525 549
525 809
525 301
525 608
525 510
1760 1398
1760 936
1760 1399
1760 985
1760 1400
1760 983
1760 1401
1760 984
1760 1402
1760 1374
647 96
505 261
339 334
339 195
339 840
339 337
339 783
339 341
339 340
339 76
339 1591
339 81
1022 658
1761 510
1761 1762
1761 1605
347 125
347 1681
347 1454
347 345
347 511
347 34
347 679
347 129
347 1231
347 1429
402 433
402 746
402 34
1763 1764
348 555
348 1765
348 1542
348 3
348 1231
348 21
348 451
348 1511
348 1188
348 796
348 84
348 564
348 1716
348 129
348 345
348 315
348 1766
348 1441
348 58
348 281
348 679
960 1599
960 683
960 125
461 502
461 1655
461 353
461 125
461 515
461 301
461 1353
461 290
461 679
461 1662
461 456
416 1372
416 45
416 1087
1185 889
1185 1510
1185 142
1185 735
1185 98
1767 966
1242 404
1242 787
1768 825
266 1769
266 1147
763 264
763 250
763 751
763 1380
763 743
763 1158
763 1770
763 1771
763 898
569 84
569 1772
569 541
569 450
569 715
569 1526
1773 394
668 610
668 613
668 939
668 611
668 534
668 75
668 447
668 536
668 356
668 671
668 616
668 950
668 82
1535 928
1535 783
1535 634
1535 166
1535 1534
1535 199
1535 299
1535 1527
1535 1774
1535 665
1535 609
1535 666
1775 1048
565 1776
565 84
565 1511
565 511
565 1777
565 679
565 1188
565 25
565 338
565 35
565 564
568 511
568 460
568 247
568 128
568 794
1778 367
1779 1048
1542 381
1542 84
1542 383
1542 1780
193 469
193 1781
1560 789
1505 34
90 83
90 44
90 45
90 92
90 683
90 1487
90 89
1405 353
1405 247
1405 1200
1405 376
1405 450
1405 556
1605 1537
1605 1641
1605 34
1605 317
1605 1608
1782 440
1390 1723
96 100
96 44
96 45
96 221
96 91
96 92
96 1783
96 83
96 165
203 88
203 47
203 191
203 45
203 781
203 715
203 91
203 92
203 633
203 586
203 221
203 476
203 89
203 165
203 1340
1694 1784
1694 789
1694 611
1694 1785
1694 541
1694 76
1694 1786
1694 944
1694 950
1347 1656
1347 532
1347 145
1787 1556
1141 393
1141 520
1141 434
1788 267
1789 45
1789 840
1652 541
1652 1790
1652 75
1652 76
1652 1591
1652 1651
1791 345
730 80
730 1701
730 487
730 1221
730 409
730 1792
730 1793
730 379
75 939
75 76
75 81
75 667
75 119
75 108
75 157
75 338
75 202
75 943
75 944
75 111
75 838
75 1060
75 1651
75 1650
75 541
75 1790
75 1591
75 340
75 1794
75 947
1795 1360
1795 1796
1795 689
1797 1555
1798 673
379 555
379 605
379 1188
379 511
379 247
379 1799
379 514
379 1174
379 1800
379 886
379 1418
379 1603
379 1154
1437 1801
1802 142
1802 789
80 739
80 1803
80 1804
80 1025
80 1214
80 111
80 115
321 273
321 247
321 1031
321 1149
321 58
321 1046
321 1805
321 1060
321 1174
321 372
321 440
1806 541
89 91
89 1783
89 634
89 85
89 88
89 771
89 97
89 92
89 586
89 476
89 1340
89 43
89 1032
89 45
89 1465
89 165
89 221
89 633
89 94
610 613
610 973
1807 1808
840 334
840 510
840 1178
840 838
840 216
840 1556
840 609
840 1479
1232 1030
1232 1574
1588 765
1463 1100
1463 979
1463 720
1463 422
756 470
756 1809
1224 1030
1602 238
1602 778
1602 779
658 370
658 308
658 1810
658 1811
315 467
315 1685
315 280
315 345
315 21
315 573
315 1812
315 325
498 311
498 896
1813 1425
1813 1325
1603 1814
1603 815
1603 878
1603 759
1107 618
1107 1324
1107 1424
1107 1815
1107 244
1107 247
1107 621
572 1214
572 966
908 906
908 907
908 909
908 910
908 911
908 912
908 914
908 915
908 917
908 919
1314 404
1314 787
1314 34
221 739
221 44
221 1663
221 45
221 781
221 633
221 1487
177 194
177 1032
177 936
177 712
177 891
177 70
177 409
177 271
983 717
983 1402
983 1793
983 1401
983 984
1316 404
611 70
611 101
611 117
611 202
611 950
611 539
1816 45
1816 1028
1460 618
1460 608
1460 32
1460 1461
1460 1574
1460 621
1460 34
1086 1817
1086 1494
1086 390
1689 863
1689 1818
47 1527
47 1026
47 1675
47 92
47 1819
47 1483
47 86
47 1465
47 165
47 1340
507 481
507 250
507 1730
507 515
507 1030
507 290
703 1031
703 693
703 511
703 605
703 299
703 520
703 1130
703 440
703 1131
703 442
703 1734
703 306
718 1713
693 700
693 634
693 328
693 666
693 800
693 795
693 440
693 665
693 1820
693 443
693 804
693 34
1723 1821
1723 1822
44 100
44 890
44 191
44 1085
44 196
44 1483
44 771
44 97
44 586
44 1803
44 45
44 1060
44 1663
44 110
44 94
44 740
1550 597
1550 311
404 303
404 1238
404 296
404 882
404 1284
404 1311
404 1260
404 1287
404 1262
404 1414
404 1291
404 1289
404 1292
404 1248
404 1274
404 1249
404 1252
404 1275
404 629
404 1317
1645 280
1645 580
14 1823
1401 1398
1401 1402
670 101
670 541
247 691
247 1824
247 450
247 491
247 128
247 452
247 564
247 25
247 513
247 456
247 35
247 460
247 1777
247 1130
945 219
945 73
945 897
945 195
945 716
945 81
945 768
945 171
945 1025
945 1254
945 1387
945 173
945 1526
945 1530
945 898
1730 1477
1730 367
1730 838
1730 794
1730 213
1825 382
1248 308
1248 1714
1248 787
358 73
358 1774
358 1179
358 76
33 1238
33 1826
33 405
33 298
33 605
33 1827
33 1130
33 720
33 1828
1829 440
1829 378
1830 273
1467 995
1467 776
1467 1516
1467 594
1467 1155
437 431
437 433
437 634
437 701
437 1074
437 442
437 444
1831 45
1831 1134
1832 34
1184 1714
1184 34
298 1516
298 605
298 878
298 1574
298 1833
298 1607
298 290
298 1155
298 367
298 809
298 34
298 422
298 301
298 1130
298 1152
298 267
1834 1352
24 424
24 1490
24 400
24 578
24 1205
24 58
24 61
24 573
24 1030
24 1818
1190 1338
1190 45
1190 929
1190 586
1563 853
1563 1216
1563 978
1563 1835
1563 1087
1422 1069
1422 1641
1422 675
1836 442
1836 1504
1836 509
1836 258
547 783
547 1770
547 46
547 666
152 1611
152 45
129 467
129 654
129 21
129 573
129 511
129 325
129 290
129 1646
129 25
129 644
129 1837
129 578
129 327
129 367
129 580
129 515
129 391
129 458
129 1818
129 400
129 1154
129 58
129 280
129 1838
129 460
129 1095
613 101
613 541
613 534
613 109
1839 422
1839 405
1839 787
1815 252
1815 194
1815 1325
1815 620
1815 244
1815 639
1815 1220
1534 166
1534 666
1534 665
616 381
616 45
616 84
616 141
616 109
616 1840
616 142
616 750
616 541
616 146
580 467
580 62
580 238
580 280
580 21
580 61
580 576
580 1646
580 1492
1841 1611
115 948
115 311
115 110
1124 195
1124 341
1124 340
1124 76
1124 1179
314 424
314 1490
314 578
314 58
314 280
314 467
314 62
314 644
314 1388
1480 1481
1480 1418
1480 600
1686 948
1686 1032
1686 899
1686 184
408 409
408 989
408 202
1842 45
1843 450
356 109
356 141
356 541
356 350
356 667
356 120
356 1650
356 82
356 1179
872 327
872 325
872 1691
872 1014
1200 1844
1200 1100
1200 1640
1200 605
1200 800
3 744
3 1149
3 1845
3 639
3 1846
1470 1220
600 293
573 578
573 64
573 66
1817 1158
1847 923
1847 924
1848 1849
1848 696
1848 34
1850 45
195 334
195 783
195 337
195 81
195 154
195 1122
195 214
195 43
195 83
195 45
195 338
195 341
195 1650
195 340
195 635
195 1530
84 555
84 273
84 765
84 211
84 1188
84 564
84 771
84 1543
84 549
84 838
84 1183
84 98
84 679
84 740
108 175
108 541
108 614
108 705
1851 469
1852 1060
1852 45
5 834
353 564
353 456
353 450
353 511
353 491
353 716
353 427
353 515
353 301
578 467
578 21
578 319
578 1646
578 644
578 274
578 61
578 317
578 1492
578 1853
578 280
578 679
578 1208
1657 306
338 58
338 76
338 34
338 456
338 340
338 81
338 683
338 823
338 1446
338 666
54 1854
54 329
54 62
54 1565
1855 1060
1855 34
608 1640
608 675
608 1856
207 45
518 252
518 504
518 395
518 744
518 455
518 398
518 520
518 265
518 262
1857 868
1424 1154
1424 1641
1424 639
1424 1568
1424 561
208 390
1298 405
318 70
318 1010
318 1030
318 1428
318 1220
1858 422
1858 34
1371 880
1371 367
1859 1048
1860 370
1860 213
1568 1861
1568 1154
1568 679
1568 267
1862 405
88 43
88 87
88 1416
88 45
88 487
88 211
88 586
1823 1863
1048 1864
1048 1865
1048 1866
1048 1867
1048 1868
1048 1869
1048 370
1048 1870
1048 1871
1048 1872
1048 1873
1048 1874
1048 1875
1415 1876
1415 85
1459 1490
1459 282
1459 598
1332 1877
1679 367
1679 32
214 1122
660 381
660 948
856 515
1690 866
1627 1878
1627 1731
1627 1879
1627 1880
1627 220
1627 1881
1627 846
1882 732
515 450
515 434
515 427
515 512
515 1353
515 513
515 456
515 489
515 1031
515 460
515 1777
515 301
1214 1883
1214 634
1214 1769
1214 125
1214 1129
1214 885
1214 1884
1214 1457
1214 463
1214 1885
1214 1886
1464 422
1504 1229
1504 166
1504 58
98 555
98 350
98 1026
98 1591
98 697
98 1887
1640 796
1640 405
1640 1888
1640 95
1595 1030
1595 979
110 101
110 532
110 119
110 109
110 539
110 541
110 145
110 141
110 311
110 120
523 320
523 1149
523 258
523 838
523 742
523 1739
523 509
523 299
1889 831
837 369
1890 1891
436 394
436 299
436 442
712 100
712 174
1195 1493
1195 387
1195 520
1195 1718
1195 1892
1413 1893
1413 1894
1519 1515
1519 511
1519 1517
1519 1518
1519 520
1519 1520
150 261
150 746
150 34
532 101
532 390
532 534
532 109
532 447
532 615
532 202
532 381
532 111
532 944
532 539
532 540
532 141
532 73
532 120
1833 815
1895 1896
1895 45
1895 1897
746 522
746 1898
746 952
746 806
746 1010
746 1188
746 1846
746 1003
746 434
746 920
746 269
746 1886
746 327
746 398
746 1899
746 1900
746 271
746 270
746 744
746 831
746 1393
746 1509
746 1634
746 1691
796 1537
796 422
796 405
796 34
796 1888
796 800
796 1030
1901 1902
1716 564
1716 61
1903 1030
1903 34
233 412
233 1034
233 231
233 627
133 45
1331 1904
1331 1556
1331 634
1331 952
136 381
136 135
136 463
136 561
1705 480
1174 623
1905 1906
1095 871
1095 1356
1095 1427
1095 34
1095 325
1095 130
1095 1014
1586 85
1586 743
1586 250
1821 45
1175 30
1175 1593
1175 1638
1175 327
1175 1202
1175 1445
412 235
412 226
412 236
412 1621
412 231
412 1077
412 1034
412 1558
412 1622
412 627
412 230
1254 541
1254 45
1254 683
1254 823
213 450
213 882
213 1128
213 1907
213 32
213 34
213 456
213 795
213 1418
213 35
213 145
213 425
213 142
213 244
213 1856
625 621
555 273
555 1188
555 564
555 771
555 1543
555 541
555 567
555 715
555 679
1325 1908
1325 1324
1325 639
1325 1861
1325 1909
1325 620
1325 244
1325 370
1325 593
1325 1910
1911 34
1511 83
1511 32
1511 1912
1511 683
1025 470
1025 480
1913 639
1913 1914
1915 1574
893 100
893 45
893 145
807 702
694 34
694 440
601 34
576 1490
576 280
576 644
576 1818
269 252
269 832
269 831
644 1490
644 467
644 280
644 1646
644 21
644 62
644 1010
644 1853
644 131
644 1492
1172 510
1099 425
931 853
1916 1074
1916 701
45 995
45 1157
45 101
45 334
45 85
45 952
45 1917
45 179
45 153
45 1918
45 1711
45 154
45 1919
45 449
45 1920
45 155
45 191
45 87
45 1921
45 161
45 1922
45 1650
45 185
45 51
45 1923
45 948
45 1924
45 171
45 173
45 1925
45 894
45 1926
45 684
45 1927
45 1675
45 1928
45 83
45 682
45 473
45 1863
45 1183
45 1372
45 1708
45 1929
45 902
45 717
45 1930
45 292
45 86
45 714
45 91
45 194
45 1931
45 1709
45 771
45 476
45 97
45 1551
45 841
45 586
45 1533
45 201
45 1340
45 634
45 1434
45 1333
45 1906
45 206
45 1465
45 732
45 897
45 1419
45 739
45 735
45 929
45 1932
45 73
45 597
45 1555
45 740
45 958
45 781
45 1933
45 1883
45 211
45 1677
45 1479
45 1934
45 1935
45 1793
45 1936
45 1028
45 1937
45 43
45 1685
45 1804
45 1938
45 216
45 1318
45 789
45 1939
45 633
45 1121
795 549
795 1031
795 1940
795 460
795 35
795 456
795 301
795 978
795 886
1272 370
1272 405
1272 787
1272 422
271 1886
271 1000
1863 145
823 100
823 891
823 500
823 189
823 182
823 1929
823 174
1354 387
1354 520
1354 1941
1354 306
1431 488
1275 405
646 250
646 1876
646 475
646 1555
646 683
372 433
372 701
372 328
372 1572
372 800
372 267
372 442
1942 1943
950 109
950 101
950 119
950 667
950 1840
950 447
950 614
950 973
950 541
950 1179
1944 886
1944 513
1944 35
1944 483
657 787
657 1945
771 83
771 815
771 299
771 715
771 1087
771 480
504 252
192 891
192 665
192 666
192 145
1946 1593
1946 1369
304 405
304 787
1188 564
1188 422
1188 511
1188 1543
1188 679
1188 1544
1188 1205
1486 1179
1947 1104
1947 440
109 101
109 119
109 534
109 447
109 615
109 735
109 896
109 539
109 111
109 141
109 541
109 117
109 120
109 202
109 146
325 530
325 21
325 676
325 1948
325 1571
325 293
325 1096
325 1491
325 675
325 317
325 871
325 130
1739 261
1739 320
331 673
331 1949
331 329
331 734
331 967
331 131
331 966
1661 422
1661 720
1011 761
1011 1016
1011 1012
1011 734
562 1446
327 58
327 472
327 34
327 409
327 1030
327 130
327 676
327 870
345 1231
345 125
345 400
1840 541
698 511
698 299
698 1950
698 666
265 252
265 744
265 1886
265 395
265 398
265 262
265 34
265 1149
458 453
458 853
458 1951
458 1506
458 451
458 385
458 135
458 1567
458 1655
20 26
620 8
620 34
620 534
351 943
351 111
351 1651
351 1178
351 1179
1856 250
1856 605
1856 520
1856 1607
1856 621
959 891
959 449
959 189
959 1599
959 145
984 1398
984 1399
984 717
917 906
917 907
917 909
917 910
917 911
917 912
917 914
917 915
917 919
1952 425
1952 476
1953 973
530 1948
530 1154
530 776
530 838
530 1128
530 481
530 1954
1328 410
528 1824
528 328
528 329
528 1074
528 1572
528 131
1955 936
549 424
549 483
549 1231
549 511
549 1956
549 301
806 434
806 1886
806 1509
806 34
806 520
806 1957
806 268
806 1899
806 544
1303 405
1303 787
236 1034
236 231
236 230
236 235
236 627
1958 381
1958 674
1958 34
1353 58
1353 1364
1353 34
1353 261
1353 456
1353 320
1353 299
1959 34
1960 382
131 1824
131 34
1961 383
252 1962
252 262
252 411
252 1003
252 32
252 1150
252 1886
252 398
252 270
252 744
252 395
252 832
252 1002
252 1963
381 1205
381 1046
381 1575
381 1964
381 1360
381 1594
381 1965
381 1639
381 138
381 861
381 1215
381 410
381 463
1537 510
1537 1888
1886 395
1886 1899
1886 863
1886 1957
1966 486
471 1819
471 1161
1900 13
230 226
230 1077
230 1034
230 1967
230 231
230 216
230 627
1968 920
870 1491
870 66
870 1014
1593 30
1593 1638
1593 1030
964 868
316 971
316 61
316 598
316 274
316 62
316 1491
316 282
316 280
316 66
612 1178
612 541
475 415
475 1493
475 418
475 293
972 939
972 541
972 1527
972 533
972 157
607 25
1940 1969
1940 35
1940 1386
1970 1506
1416 497
1416 1971
1827 520
1827 34
978 395
978 1000
978 267
978 440
978 394
978 34
978 561
1819 470
1972 1030
1973 1974
1973 804
1973 838
424 491
424 493
424 492
424 1975
424 511
424 1976
424 1977
424 367
424 1799
424 61
424 1388
424 370
424 989
424 1838
424 1777
424 301
1977 34
1443 561
1443 720
1443 1549
393 267
393 455
393 395
1543 564
1543 511
1543 679
1543 58
1978 422
1979 209
290 422
290 506
290 815
290 680
290 989
290 1154
697 1481
697 328
697 440
697 634
697 1980
697 561
697 444
697 701
1981 940
1981 720
1981 440
1981 34
1982 405
1034 231
1034 627
1034 235
923 924
1154 1861
1154 1641
1154 675
1154 605
1154 1849
1154 244
1154 815
1077 228
1710 100
1208 280
1208 1030
1208 1565
1876 165
1876 32
948 311
1771 567
1771 1527
447 1589
447 533
447 101
447 541
447 111
447 100
512 301
512 456
1983 405
487 1656
487 1984
487 1414
487 1792
487 1383
487 32
759 1587
759 1985
759 1986
759 367
759 1170
759 1987
759 1544
1910 34
1675 1418
1675 1026
1675 1555
1675 32
1675 1988
1675 899
1268 405
1989 705
455 832
455 1683
455 744
455 395
455 831
455 1150
455 262
455 1149
455 1003
1990 1844
1990 34
598 1414
598 815
598 1877
598 34
598 1091
639 1891
639 1991
639 244
639 317
639 1992
1993 696
1993 34
1087 292
1087 1350
1087 1994
869 463
869 34
869 135
869 58
1891 1425
1891 720
1891 34
623 1446
623 460
1995 370
907 906
907 909
907 910
907 911
907 912
907 914
907 915
907 919
1201 405
262 832
262 744
262 395
262 398
262 509
262 1150
79 100
79 141
79 609
79 145
1010 1803
1010 868
1010 370
1010 319
1010 1205
1010 966
453 34
1996 1997
1996 1998
1996 367
1996 456
1996 1168
1996 1014
1996 306
1999 2000
1999 387
536 1656
536 101
536 119
536 667
536 120
536 541
536 145
1179 334
1179 944
1179 1674
1179 789
1179 350
1179 340
1179 946
1179 1651
1409 1556
1409 95
1409 1526
70 194
70 2001
70 1279
70 32
70 1783
70 1936
70 1079
70 1984
70 85
70 787
1032 194
1032 72
1032 92
1032 2002
1032 717
1032 189
1032 216
1032 1445
1032 787
1333 1483
1333 1178
1333 1434
1333 165
800 696
800 2003
800 440
800 444
800 701
448 500
448 145
448 311
448 735
448 896
1527 1988
1527 166
1527 394
1527 567
1527 665
1527 609
264 2003
1445 1046
2004 1714
2005 238
2005 778
2005 2006
1949 288
2007 370
500 100
500 159
500 145
500 202
500 896
2008 1740
846 1493
846 1783
846 1461
846 35
846 2009
846 602
2010 675
130 58
130 34
130 863
130 317
130 1888
130 734
130 967
130 1030
130 866
130 64
130 527
130 1691
493 483
493 378
296 34
376 483
376 301
376 988
415 470
415 1656
415 2011
1472 34
654 2012
654 556
654 798
1877 1372
1877 1555
1877 1383
1877 1919
1943 1229
1943 720
1943 306
2013 367
2013 450
2013 301
973 939
973 350
973 111
973 73
973 82
82 944
82 101
82 541
82 157
82 202
1954 1556
1954 683
1935 470
1304 405
1884 34
1471 561
1257 787
112 216
675 1685
675 238
675 368
675 716
675 1607
675 1683
370 920
370 511
370 1151
370 2014
370 1945
370 720
370 125
370 1176
370 306
989 689
989 1849
989 301
989 367
989 1780
1082 1411
1082 1669
1082 752
1082 1084
1082 1835
311 174
311 899
311 202
311 896
311 417
311 1479
311 789
311 142
311 1334
1383 32
1383 1493
1131 34
2015 832
2015 1846
2015 1683
2015 1899
2016 1931
979 1404
979 720
472 2017
472 32
492 425
492 483
431 701
431 442
431 444
153 95
1880 967
1880 866
1976 425
1976 1104
1074 433
1074 442
1074 1992
1151 1987
1151 1607
1151 306
270 395
270 831
1090 350
1090 1845
1090 1567
1155 481
1155 2018
1155 1455
1552 145
2019 125
72 100
1307 405
2020 1026
1803 1017
770 1493
161 1574
457 878
68 1922
68 46
68 449
68 157
68 735
1249 787
141 101
141 1510
141 81
141 615
141 539
141 145
141 1650
141 541
141 119
141 202
1512 25
1512 2021
2022 34
667 944
667 101
667 541
667 1349
667 615
667 120
667 76
667 417
1509 434
1509 395
1509 1899
1509 886
267 395
267 34
267 509
267 2023
267 886
2024 2025
2024 220
2024 34
1490 467
1490 61
1490 62
1490 64
1490 1492
1411 1893
1411 1412
1411 1894
720 2026
720 2027
720 920
720 387
720 1096
720 618
720 367
720 481
720 306
720 865
720 2028
2029 440
2030 100
765 1934
765 743
765 1770
765 683
765 1533
765 1161
1428 1838
1428 734
1428 1030
1428 866
1428 1014
174 100
174 1713
174 671
174 202
175 1687
175 76
175 615
175 157
175 145
1536 1780
1536 34
1085 469
434 778
434 258
434 12
434 522
434 509
179 783
179 928
179 46
179 1028
2031 1487
184 417
184 716
809 815
809 621
809 34
809 61
809 561
1217 481
456 1608
456 1114
456 564
456 511
456 1386
456 417
456 488
456 460
456 301
971 61
999 34
62 467
62 21
62 1030
62 2032
62 863
62 26
62 66
62 61
62 1616
62 58
62 1492
1794 2033
1794 1178
1794 76
1930 666
1930 665
877 2034
1207 863
605 511
605 34
1616 21
1616 1565
1575 1030
2026 34
1282 1714
2035 26
2035 58
722 34
1735 486
1735 34
32 596
32 292
32 1385
32 1792
32 510
32 1984
32 476
32 1936
32 8
32 250
32 1462
32 2036
32 301
32 740
1551 196
1100 425
1100 34
1100 400
1100 1030
1100 35
337 81
1737 425
1737 306
634 783
634 701
634 666
634 696
634 46
634 34
634 929
634 928
634 166
634 440
841 1528
841 1506
841 717
2037 789
371 520
371 306
1465 334
1465 1030
1919 1792
778 779
778 2006
778 238
778 2038
1290 405
783 928
783 470
783 715
783 815
783 609
783 1533
783 666
2039 322
2039 281
1102 427
1974 2040
1769 520
1769 1957
211 293
211 450
211 470
211 715
81 334
81 944
81 541
81 73
81 1178
81 117
81 76
81 1651
81 154
119 101
119 533
119 944
119 539
119 541
119 120
1346 1824
1346 101
1346 1669
1346 34
1346 157
1346 544
864 1149
864 1128
864 878
418 2041
418 449
418 1714
539 101
539 533
539 1656
539 615
539 943
539 944
539 111
539 614
539 120
539 146
2042 2043
2044 2045
2044 125
1418 665
1418 95
1554 202
774 481
774 486
425 1386
425 427
425 1634
425 489
425 1104
2046 1549
280 467
280 21
280 1492
280 61
280 1646
231 1076
231 627
231 235
679 238
679 511
679 702
679 564
1014 21
1014 1691
1014 866
1014 1017
1904 440
1904 1388
1654 1161
1683 831
1683 34
1683 261
1683 1846
1683 442
2001 1030
2001 520
2001 34
940 1783
940 2047
450 367
450 898
1461 34
443 609
443 438
443 444
64 21
64 1030
64 1691
1918 350
564 511
897 145
1578 2
1578 367
575 1491
575 26
155 615
1204 378
1243 1714
30 1638
30 2048
30 125
30 34
30 1030
2049 1555
1247 405
1646 574
1646 61
1060 250
1060 76
1060 163
1592 2050
700 520
700 701
145 100
145 101
145 91
145 1693
145 615
145 97
145 1533
145 202
145 83
145 46
145 716
145 417
145 2051
145 1922
145 902
145 1529
145 927
1398 1399
1398 985
1398 1400
1398 1402
1398 1374
1398 1403
21 467
21 26
21 452
21 868
21 125
21 61
21 1691
21 58
928 166
928 199
928 34
928 609
928 666
985 1399
985 1402
911 906
911 909
911 910
911 914
911 912
911 915
911 919
268 395
268 258
268 398
268 449
268 520
268 1003
1229 34
1229 1572
1229 1429
1701 1493
1792 1555
1792 497
1030 1731
1030 1205
1030 676
1030 2052
1030 1202
1030 2053
1030 1356
1030 527
1030 400
1030 871
1030 519
1030 463
1700 896
894 100
1000 831
1000 1544
449 101
449 1510
449 76
449 34
449 46
13 15
1580 1810
1027 1417
1027 1433
1027 480
1270 405
1270 866
1270 787
1122 95
1122 635
1122 1533
2054 209
2054 522
2054 510
943 1786
1076 627
909 906
909 914
909 910
909 912
909 915
909 919
2055 292
2055 1693
1274 422
1274 405
2056 812
947 1674
947 1178
947 76
947 715
1734 367
744 832
744 1149
744 34
744 520
744 1992
744 398
2057 812
2057 125
1485 878
1485 1128
683 196
683 1934
683 1530
998 831
1209 34
209 34
209 452
91 586
91 160
91 936
91 46
91 92
91 189
91 1028
91 85
520 1216
520 1846
520 1003
520 1515
520 920
520 2058
520 1517
520 1168
520 1538
520 787
520 395
520 1518
520 440
520 442
1783 100
1783 97
1783 165
881 1902
853 135
853 1576
196 2059
196 94
1483 739
1483 86
1483 417
1483 1334
199 1988
199 34
199 1774
1111 1114
92 191
92 781
92 476
92 1340
92 165
92 633
92 94
1400 1402
586 781
586 633
586 94
405 1237
405 303
405 1238
405 1407
405 1950
405 1281
405 1284
405 1263
405 1264
405 2060
405 1295
405 1283
405 1289
405 1244
405 1245
405 1759
405 1305
405 1698
405 1362
405 988
405 1309
405 34
405 1251
405 1296
405 300
405 1312
405 244
405 1253
405 1294
405 1317
433 2061
433 701
433 394
433 2003
433 440
433 442
433 444
1906 157
1606 34
1614 1853
95 602
95 1656
95 1373
95 1533
95 43
95 250
95 716
95 417
95 1479
95 480
95 789
95 597
414 1494
727 299
831 1149
831 1546
1221 1414
1221 847
1221 768
1399 986
1399 1402
1130 486
2062 787
1929 185
100 958
100 1555
100 86
100 1192
100 615
100 1363
100 735
100 182
100 202
100 1671
100 671
100 417
100 480
100 165
100 1361
100 142
100 901
100 902
87 739
87 83
87 216
87 292
87 1387
87 165
142 671
142 146
142 735
142 182
510 776
510 368
510 1170
510 481
510 317
510 1567
804 328
804 444
1529 896
1529 1656
1529 898
563 1655
689 1796
689 618
689 1360
689 1577
1804 34
417 715
417 157
417 666
480 83
480 671
1844 1370
395 832
395 411
395 509
395 489
395 1963
1327 409
1327 866
1327 1017
328 701
328 329
328 1992
1454 1231
1454 125
815 488
815 768
815 618
815 2063
340 154
340 789
340 1591
340 76
633 191
633 781
633 476
1992 244
995 618
995 594
1506 1799
1574 1849
1898 488
1774 1988
883 1950
444 701
444 34
444 440
444 442
444 1091
1638 1202
1638 1594
1638 954
1638 1502
1517 1515
1517 2064
1517 1518
1517 1520
25 58
25 367
25 26
135 2065
135 138
1245 787
159 750
367 470
367 880
367 2066
367 561
367 125
367 422
367 1641
367 1388
367 2067
367 2028
367 1031
367 299
367 621
367 702
367 1820
398 34
398 1003
61 58
1012 866
1012 282
1012 966
1012 863
1012 288
1012 734
1012 967
1012 1016
1012 1017
317 2068
317 26
2069 2070
58 2071
58 868
58 1491
58 680
58 400
58 66
58 320
58 621
58 702
350 34
320 511
320 2072
320 1567
320 261
629 2073
629 387
1377 382
26 1613
26 878
1610 680
1656 250
1656 597
1656 567
1656 635
368 299
486 483
2074 787
684 682
83 94
1673 11
1673 838
250 2075
250 483
250 1364
250 743
250 567
250 602
1709 34
440 2000
440 1849
440 427
440 422
440 665
440 2076
440 2077
440 299
440 442
440 1820
440 2078
292 216
292 165
467 391
467 1571
467 1824
467 281
467 1818
191 781
191 635
191 1494
191 165
191 1340
878 489
1476 1777
1476 1477
1544 1759
1544 2079
1103 427
2040 490
1931 176
1931 1770
1931 635
1931 1434
1149 509
1149 258
866 863
866 676
866 1017
866 322
866 966
866 967
866 1016
866 734
866 288
202 101
202 157
202 1417
202 671
202 541
202 120
1434 163
1434 1864
1386 511
1386 427
1386 301
238 2006
238 1231
238 779
238 1493
936 2080
936 1793
1641 1971
1641 460
261 373
261 544
2081 981
739 165
1296 787
906 910
906 912
906 914
906 915
906 919
1349 541
1349 560
2082 483
2083 1364
2083 1776
1601 258
1601 509
442 2003
442 696
442 394
442 34
442 2
442 701
442 1820
1300 787
2084 34
483 1388
483 2085
483 1975
863 676
863 1205
863 329
863 382
863 322
863 1176
863 1016
609 34
609 157
609 896
1344 1414
1344 602
1344 205
1491 299
1462 460
216 293
216 958
216 1414
216 1387
1695 1104
1695 743
1429 519
1429 1608
1429 1818
1671 2059
220 1731
220 34
715 176
715 46
715 752
715 567
715 635
715 163
1530 189
1530 1387
1731 705
1231 125
752 602
1897 2077
522 488
128 868
128 511
128 513
880 561
1104 427
1104 1388
1104 489
1986 1776
157 615
157 735
157 740
157 120
847 205
735 76
1526 470
422 1849
422 302
422 1168
422 1419
422 2078
1362 2086
1651 1178
1651 73
1651 1790
1651 76
1651 1591
165 890
165 97
165 163
165 740
165 86
165 1334
1324 244
166 1770
166 929
11 452
2087 34
1622 817
470 411
470 952
470 301
470 768
470 716
470 1435
470 1372
470 2011
692 306
1599 1764
1599 2073
1599 899
1599 1439
1150 832
1684 556
1410 1669
2003 34
676 734
1425 1861
235 627
666 2012
666 1479
666 701
111 101
111 533
111 120
2088 787
1520 1518
1520 481
1403 1402
1818 594
825 2089
519 1079
519 871
680 427
680 490
2090 1793
410 382
1216 1493
701 329
701 665
701 34
701 1572
701 1091
701 299
2043 1631
1755 2021
1589 533
1360 618
1360 1796
1364 541
1364 952
125 1948
125 1849
125 1455
125 2045
125 164
125 488
125 2091
125 1152
2092 463
597 789
614 541
2028 34
1558 228
1046 382
1046 463
2070 409
1998 1091
1114 485
1114 1031
1114 34
1546 561
1546 920
2012 665
556 798
1669 1493
1669 1770
1669 182
885 34
696 34
696 299
696 665
954 2048
1105 427
76 2093
76 1556
76 154
76 944
76 838
76 898
76 1650
76 73
76 1790
76 1591
76 946
2094 1446
1237 1714
334 1178
1238 34
910 912
910 914
910 915
910 919
509 258
509 2
1682 1634
1682 34
452 789
154 185
2095 319
561 2045
1808 1810
1098 1026
2096 1971
1404 34
1402 1374
787 1281
787 1849
787 1311
787 1261
787 1287
787 1262
787 1244
787 1267
787 1456
787 1215
787 1280
787 1315
541 939
541 533
541 615
541 540
541 2097
541 120
1764 1305
185 781
451 1577
618 1446
1055 1571
1607 34
1017 1205
1017 966
1017 734
1017 967
1017 1016
1887 534
2098 776
481 1388
488 838
488 1352
488 506
919 914
919 912
919 915
776 594
714 46
714 34
390 1206
390 540
390 1714
476 2011
476 34
138 463
138 865
1262 2064
1577 382
716 929
716 817
716 511
716 219
716 671
716 702
205 1493
205 489
35 385
226 34
2099 717
734 1280
734 288
734 967
734 1016
734 966
2100 2021
2101 299
574 281
574 2102
1907 478
1192 101
1028 46
43 86
394 299
1594 463
560 1693
1965 34
463 861
1116 1117
594 1356
939 944
1984 1414
2103 1178
391 400
373 1003
409 117
1168 34
1091 1693
871 1079
1215 1079
1215 924
1591 1790
635 671
635 1121
946 944
890 86
2104 34
2075 478
1571 282
920 387
920 2105
282 322
282 2102
182 1361
301 511
1417 1693
46 1479
838 812
838 293
838 1971
838 164
2106 642
912 914
912 915
189 768
2078 382
1824 299
497 34
497 293
117 101
2102 2107
1515 34
1515 1518
1698 382
1698 1685
1414 1493
1373 94
1340 94
642 1308
1356 1176
1026 299
1026 34
1026 1849
2107 299
1435 1481
73 944
73 101
73 1650
73 1178
1178 944
1178 789
2108 924
299 1971
1777 511
1777 513
1634 789
1634 411
1820 34
1655 511
751 789
781 94
146 101
411 2061
861 382
914 915
817 705
967 966
967 1016
219 2109
789 293
789 898
966 1016
101 615
101 944
101 120
1576 385
1849 34
899 896
768 1939
768 671
768 1479
944 533
944 120
665 1479
665 929
258 1845
540 615
671 120
489 427
1494 94
1338 1939
1352 34
1128 1914
427 511
427 34
1805 34
896 958
1388 306
1639 382
1639 34
1845 12
97 94
34 1479
34 1205
34 2110
615 533
615 120
288 1016
898 1121
511 513
1971 306
