0 1
0 2
0 3
0 4
0 5
0 6
0 7
0 8
0 9
0 10
0 11
0 12
0 13
0 14
0 15
0 16
0 17
0 18
0 19
0 20
0 21
0 22
0 23
0 24
0 25
26 27
26 28
26 29
26 30
26 31
26 32
26 33
26 34
26 35
3 36
3 5
3 37
3 38
3 39
3 40
3 41
3 42
3 11
3 43
3 44
3 45
3 46
3 47
3 48
3 49
3 50
3 51
3 52
3 53
3 54
3 55
3 56
3 57
3 58
3 59
3 60
3 61
3 62
3 63
3 64
3 65
3 66
3 67
3 68
3 69
70 71
70 72
70 73
74 75
74 76
74 77
74 38
74 78
74 79
74 80
74 8
74 81
74 82
74 11
74 83
74 84
74 85
74 86
74 87
74 49
74 88
74 89
74 17
74 90
74 91
74 92
74 93
74 94
74 62
74 95
74 96
74 97
74 98
74 99
74 100
74 101
74 102
74 67
74 103
104 105
104 106
104 29
104 107
104 108
104 109
104 110
104 111
104 112
104 113
114 115
114 2
114 116
114 117
114 118
114 36
114 119
114 15
114 77
114 60
114 101
114 120
114 121
114 122
114 123
114 124
114 80
114 125
114 126
114 40
114 81
114 127
114 128
114 11
114 129
114 130
114 83
114 131
114 45
114 132
114 133
114 17
114 134
114 135
114 86
114 64
114 136
114 48
114 137
114 67
114 51
114 138
114 52
114 88
114 89
114 139
114 8
114 140
114 141
114 142
114 69
114 143
114 144
114 98
114 145
114 146
114 9
114 147
114 62
114 95
114 148
114 21
114 149
114 150
114 151
114 152
114 153
114 154
114 155
114 156
114 157
114 158
114 102
114 159
114 160
114 161
114 162
114 163
114 164
114 165
166 167
166 168
166 169
166 170
166 171
166 172
166 173
174 175
174 176
174 177
174 178
174 43
174 179
174 180
174 181
174 182
174 183
184 7
184 36
184 15
184 185
184 78
184 39
184 81
184 89
184 9
184 11
184 186
184 187
184 188
184 189
184 80
184 190
184 142
184 91
184 92
184 191
184 97
184 67
184 192
184 25
193 7
193 194
193 15
193 73
193 195
193 196
197 78
197 198
197 199
126 2
126 7
126 75
126 76
126 15
126 5
126 6
126 200
126 39
126 79
126 80
126 127
126 40
126 201
126 9
126 11
126 131
126 133
126 85
126 145
126 202
126 87
126 137
126 51
126 138
126 203
126 139
126 204
126 17
126 88
126 73
126 205
126 206
126 95
126 148
126 21
126 149
126 151
126 207
126 208
126 153
126 100
126 101
126 155
126 156
126 67
126 161
126 163
126 209
210 211
210 212
210 76
210 213
210 120
210 214
210 215
210 216
210 217
210 218
210 83
210 147
210 219
210 220
210 221
210 80
210 17
210 56
210 222
210 206
210 223
210 224
210 155
210 102
210 225
210 162
226 227
228 189
228 229
230 231
230 232
230 138
230 196
230 233
230 36
230 48
230 25
230 142
230 234
230 235
230 40
230 56
230 133
230 236
230 237
230 6
230 148
230 130
230 81
230 238
41 239
41 118
41 76
41 205
41 38
41 8
41 240
41 59
41 241
41 44
41 40
41 46
41 64
41 242
41 51
41 53
41 54
41 91
41 243
41 57
41 93
41 208
41 244
41 211
41 152
41 163
41 164
245 62
245 246
245 247
245 91
245 248
249 105
249 250
249 27
249 251
249 252
249 253
249 254
249 255
249 256
249 257
249 258
249 259
249 107
249 260
249 261
249 262
249 263
249 264
249 112
249 265
249 229
266 258
266 36
266 9
266 265
267 9
267 268
269 270
269 32
269 163
271 97
271 1
271 153
271 272
271 101
271 85
271 195
271 86
271 15
271 159
273 71
273 146
273 274
273 36
273 163
273 275
273 276
273 145
273 102
273 277
273 35
273 278
279 22
279 11
279 36
110 280
110 27
110 281
110 282
110 256
110 283
110 29
110 284
110 285
110 286
110 287
110 107
110 108
110 265
110 288
110 250
110 289
110 251
110 113
110 229
290 291
292 36
292 80
293 294
295 105
295 115
295 296
295 297
295 286
295 298
295 299
295 300
295 301
295 112
302 2
302 303
302 217
302 75
302 5
302 38
302 121
302 58
302 122
302 39
302 67
302 62
302 127
302 209
302 25
304 92
304 75
304 100
304 185
304 66
304 67
304 79
304 81
304 25
305 306
307 62
307 80
307 89
307 75
307 17
307 5
307 96
307 101
307 91
307 76
307 308
307 309
307 7
307 95
307 157
307 25
223 80
223 17
223 100
223 76
223 151
34 28
34 229
310 311
312 5
313 6
313 67
314 315
314 316
314 67
317 318
317 281
317 255
317 319
317 320
317 27
317 107
317 250
317 229
246 2
246 75
246 76
246 15
246 5
246 94
246 6
246 127
246 40
246 11
246 321
246 241
246 133
246 122
246 88
246 89
246 17
246 142
246 73
246 92
246 206
246 322
246 19
246 98
246 71
246 151
246 101
246 67
246 129
246 149
246 25
107 115
107 323
107 286
107 324
107 325
107 105
107 326
107 327
107 281
107 259
107 283
107 285
107 31
107 328
107 329
107 330
107 229
107 270
107 29
107 298
107 260
107 250
107 331
107 27
107 332
107 255
107 333
107 32
107 251
107 265
334 335
334 261
334 332
334 336
334 337
334 251
334 338
334 339
334 340
334 341
334 342
334 112
334 288
334 343
66 344
66 2
66 118
66 75
66 83
66 15
66 5
66 234
66 94
66 121
66 248
66 345
66 346
66 40
66 81
66 127
66 347
66 11
66 129
66 130
66 241
66 96
66 131
66 36
66 133
66 85
66 348
66 134
66 86
66 87
66 349
66 88
66 139
66 8
66 140
66 142
66 243
66 73
66 56
66 145
66 93
66 9
66 98
66 148
66 244
66 151
66 207
66 350
66 100
66 101
66 7
66 155
66 23
66 351
66 67
66 161
66 78
66 25
66 352
158 88
158 75
158 17
158 73
158 56
158 67
158 140
158 7
158 40
353 354
355 356
355 357
355 358
355 359
164 360
164 118
164 124
164 45
164 361
164 362
164 72
164 363
164 49
164 220
164 364
164 48
164 90
164 243
164 92
164 93
164 365
164 19
164 366
164 316
164 235
164 367
164 368
164 244
164 23
164 369
164 160
164 152
164 192
69 1
69 2
69 75
69 83
69 4
69 5
69 78
69 80
69 40
69 81
69 370
69 11
69 129
69 96
69 8
69 85
69 86
69 15
69 220
69 349
69 371
69 88
69 89
69 204
69 17
69 90
69 91
69 92
69 62
69 95
69 208
69 191
69 97
69 98
69 207
69 7
69 372
69 102
69 157
69 192
69 159
69 25
373 280
374 36
374 88
374 35
374 159
124 2
124 98
124 140
124 130
124 5
124 58
124 39
124 67
124 80
124 35
220 97
220 203
220 375
220 140
220 48
220 5
220 101
220 56
220 350
220 376
220 377
220 133
220 134
213 22
213 378
213 1
213 62
213 347
213 379
213 141
213 92
213 380
213 102
213 157
213 309
213 381
213 125
213 21
382 80
382 383
382 17
382 5
382 200
382 384
382 151
382 385
382 25
386 35
387 388
387 389
42 1
42 36
42 76
42 234
42 94
42 388
42 390
42 7
42 8
42 391
42 186
42 241
42 13
42 85
42 392
42 138
42 122
42 88
42 190
42 73
42 91
42 92
42 18
42 95
42 196
42 97
42 393
42 394
42 275
42 159
42 25
128 395
396 5
396 397
396 149
396 2
396 80
396 217
396 75
396 15
396 100
396 88
396 101
396 73
396 18
396 121
396 39
396 133
396 151
396 202
396 127
396 398
396 159
399 400
399 298
401 40
392 402
392 77
392 36
392 90
392 4
392 5
392 96
392 37
392 403
392 18
392 315
392 62
392 398
392 49
392 367
384 88
384 129
384 94
384 92
384 47
404 150
404 405
404 144
404 45
404 68
404 406
80 7
80 100
80 117
80 36
80 76
80 407
80 61
80 311
80 214
80 1
80 217
80 130
80 187
80 408
80 409
80 147
80 51
80 122
80 410
80 48
80 411
80 73
80 163
80 412
80 322
80 413
80 414
80 151
80 121
80 136
80 415
80 25
80 344
80 120
80 416
80 417
80 195
80 9
80 11
80 12
80 204
80 418
80 132
80 145
80 72
80 419
80 135
80 420
80 139
80 140
80 142
80 144
80 56
80 93
80 421
80 422
80 208
80 385
80 149
80 150
80 153
80 224
80 275
80 155
80 351
80 276
80 160
80 423
80 234
80 60
80 424
80 125
80 425
80 40
80 426
80 370
80 241
80 30
80 134
80 427
80 50
80 428
80 383
80 141
80 260
80 33
80 429
80 6
80 87
80 98
80 84
80 430
80 78
80 431
80 211
80 432
80 376
80 161
80 433
80 434
80 79
80 435
80 436
80 2
80 437
80 438
80 37
80 439
80 221
80 231
80 8
80 81
80 440
80 233
80 83
80 441
80 131
80 55
80 133
80 361
80 442
80 277
80 49
80 443
80 52
80 88
80 89
80 397
80 92
80 365
80 444
80 62
80 148
80 20
80 21
80 71
80 77
80 207
80 272
80 445
80 159
80 364
80 218
80 162
420 138
420 144
420 446
420 447
420 35
139 344
139 7
139 117
139 118
139 75
139 94
139 185
139 200
139 248
139 315
139 125
139 127
139 40
139 215
139 216
139 217
139 11
139 130
139 131
139 418
139 121
139 133
139 348
139 134
139 86
139 87
139 431
139 48
139 137
139 50
139 51
139 383
139 8
139 140
139 141
139 142
139 91
139 243
139 56
139 322
139 352
139 20
139 21
139 160
139 71
139 244
139 98
139 17
139 448
139 153
139 211
139 101
139 155
139 93
139 102
139 67
139 152
139 161
139 449
139 162
139 25
450 2
17 407
17 121
17 216
17 217
17 187
17 238
17 236
17 147
17 87
17 51
17 122
17 48
17 73
17 163
17 322
17 414
17 442
17 97
17 47
17 151
17 344
17 120
17 451
17 452
17 402
17 9
17 453
17 218
17 454
17 215
17 90
17 144
17 206
17 421
17 150
17 455
17 375
17 153
17 224
17 101
17 155
17 156
17 380
17 351
17 276
17 160
17 423
17 60
17 424
17 125
17 127
17 40
17 456
17 426
17 370
17 241
17 457
17 458
17 427
17 433
17 141
17 244
17 459
17 33
17 429
17 6
17 274
17 430
17 460
17 432
17 102
17 161
17 434
17 79
17 435
17 436
17 2
17 118
17 37
17 200
17 231
17 461
17 346
17 81
17 397
17 462
17 233
17 321
17 83
17 441
17 202
17 64
17 136
17 463
17 443
17 89
17 204
17 464
17 143
17 92
17 62
17 148
17 21
17 71
17 77
17 207
17 364
17 152
17 159
142 435
142 344
142 196
142 465
142 117
142 118
142 407
142 60
142 120
142 466
142 39
142 231
142 127
142 40
142 426
142 467
142 9
142 468
142 233
142 129
142 241
142 83
142 131
142 445
142 21
142 147
142 86
142 87
142 138
142 52
142 410
142 204
142 8
142 348
142 141
142 91
142 143
142 234
142 469
142 322
142 93
142 352
142 62
142 95
142 208
142 20
142 385
142 97
142 6
142 219
142 151
142 207
142 430
142 244
142 211
142 101
142 155
142 156
142 372
142 351
142 102
142 152
142 161
142 77
142 192
142 243
142 209
142 162
388 389
388 28
388 470
388 471
388 472
473 105
473 23
473 4
473 291
474 22
474 71
474 204
474 463
474 163
474 1
474 127
474 8
474 49
366 56
366 18
366 21
366 67
301 258
301 251
301 252
301 475
301 476
301 31
301 330
95 117
95 36
95 185
95 187
95 236
95 477
95 398
95 122
95 48
95 73
95 413
95 119
95 478
95 25
95 115
95 4
95 5
95 78
95 451
95 195
95 9
95 11
95 218
95 135
95 479
95 480
95 14
95 90
95 144
95 58
95 189
95 278
95 149
95 154
95 481
95 369
95 482
95 157
95 96
95 15
95 30
95 125
95 458
95 134
95 219
95 383
95 141
95 19
95 367
95 102
95 235
95 2
95 309
95 37
95 483
95 123
95 248
95 315
95 8
95 81
95 462
95 321
95 84
95 202
95 47
95 136
95 463
95 49
95 138
95 52
95 204
95 143
95 91
95 92
95 18
95 62
95 191
95 21
95 71
95 77
95 207
95 308
95 129
95 159
484 453
485 112
485 486
150 1
150 36
150 15
150 5
150 94
150 120
150 78
150 79
150 125
150 397
150 487
150 488
150 398
150 204
150 56
150 20
150 6
150 149
150 151
150 35
150 489
150 67
150 490
150 161
491 291
100 435
100 344
100 436
100 492
100 15
100 94
100 6
100 315
100 40
100 201
100 215
100 347
100 131
100 133
100 202
100 277
100 137
100 51
100 140
100 365
100 149
100 151
100 207
100 493
100 494
100 67
100 160
100 162
100 159
495 362
495 62
495 496
495 36
58 1
58 118
58 195
58 497
58 125
58 127
58 426
58 370
58 9
58 20
58 96
58 131
58 55
58 136
58 122
58 89
58 348
58 90
58 243
58 92
58 93
58 19
58 498
58 381
58 189
58 499
58 71
58 469
58 500
58 244
58 501
58 155
58 322
58 152
58 161
58 159
502 503
502 303
504 2
504 75
504 5
504 6
504 36
504 102
504 67
504 324
504 8
504 21
67 212
67 117
67 83
67 407
67 466
67 214
67 217
67 186
67 96
67 238
67 236
67 147
67 87
67 398
67 505
67 51
67 232
67 122
67 163
67 412
67 151
67 79
67 493
67 192
67 415
67 506
67 344
67 443
67 120
67 390
67 9
67 347
67 507
67 508
67 418
67 135
67 85
67 145
67 454
67 479
67 378
67 215
67 55
67 509
67 422
67 208
67 189
67 149
67 153
67 224
67 101
67 155
67 156
67 351
67 160
67 482
67 157
67 60
67 510
67 424
67 125
67 127
67 40
67 426
67 20
67 241
67 458
67 134
67 363
67 242
67 433
67 383
67 477
67 33
67 22
67 274
67 460
67 432
67 102
67 161
67 50
67 434
67 511
67 436
67 512
67 492
67 438
67 200
67 231
67 248
67 315
67 8
67 81
67 397
67 513
67 441
67 131
67 121
67 202
67 47
67 49
67 514
67 138
67 52
67 515
67 204
67 143
67 91
67 92
67 62
67 148
67 191
67 21
67 71
67 469
67 77
67 207
67 425
67 272
67 489
67 516
67 364
67 209
67 162
160 2
160 7
160 118
160 75
160 76
160 15
160 6
160 200
160 248
160 125
160 127
160 8
160 462
160 11
160 129
160 187
160 131
160 136
160 48
160 137
160 52
160 88
160 140
160 141
160 56
160 243
160 92
160 322
160 62
160 20
160 97
160 185
160 149
160 244
160 65
160 211
160 155
160 489
160 151
160 93
160 152
160 161
160 159
482 397
482 52
482 207
482 36
482 75
482 76
482 15
482 5
482 49
482 507
482 466
482 8
482 133
482 309
482 159
482 25
482 119
482 157
517 36
517 141
517 163
173 167
173 518
173 483
173 168
173 169
173 170
173 172
173 171
519 105
519 112
519 32
520 416
520 521
522 32
488 22
488 120
488 98
488 470
488 523
488 5
488 272
488 284
488 148
488 144
488 432
488 380
488 40
488 524
488 416
488 525
488 526
488 527
179 175
179 176
179 177
179 178
179 43
179 180
179 181
179 182
179 183
234 2
234 90
234 117
234 36
234 309
234 426
234 94
234 121
234 195
234 497
234 127
234 81
234 397
234 9
234 144
234 316
234 96
234 528
234 188
234 72
234 119
234 138
234 204
234 55
234 476
234 91
234 62
234 15
234 148
234 189
234 529
234 385
234 367
234 71
234 469
234 98
234 99
234 430
234 275
234 530
234 369
234 102
234 161
234 77
234 149
234 192
234 531
510 469
510 7
510 465
510 11
510 141
510 163
510 15
510 39
510 487
510 20
510 35
510 13
532 22
532 89
532 275
532 35
424 397
424 15
424 5
424 7
424 56
424 151
424 202
424 81
533 16
533 25
324 22
324 105
324 1
324 2
324 43
324 5
324 534
324 23
324 258
324 393
324 487
40 117
40 36
40 76
40 121
40 7
40 216
40 87
40 137
40 51
40 48
40 73
40 163
40 322
40 196
40 151
40 192
40 415
40 25
40 344
40 5
40 443
40 78
40 9
40 11
40 140
40 86
40 56
40 206
40 208
40 149
40 501
40 153
40 101
40 155
40 156
40 96
40 94
40 345
40 127
40 241
40 50
40 433
40 203
40 141
40 535
40 19
40 98
40 102
40 161
40 235
40 79
40 436
40 2
40 75
40 37
40 39
40 231
40 8
40 81
40 397
40 233
40 321
40 44
40 131
40 133
40 136
40 49
40 138
40 88
40 204
40 91
40 92
40 62
40 148
40 20
40 21
40 71
40 77
40 207
40 152
40 129
40 159
40 352
109 282
109 461
109 260
215 98
215 94
215 131
215 489
215 464
215 140
215 151
215 86
215 137
215 25
240 51
240 53
240 44
240 38
240 46
240 64
536 537
457 241
457 248
30 22
30 1
30 11
30 48
30 5
30 141
30 163
30 469
30 92
30 146
30 188
30 20
30 15
30 50
456 5
456 83
456 6
456 8
456 137
75 538
75 117
75 494
75 187
75 238
75 87
75 398
75 505
75 411
75 61
75 151
75 99
75 79
75 415
75 506
75 344
75 443
75 11
75 135
75 86
75 90
75 55
75 208
75 153
75 224
75 101
75 155
75 1
75 125
75 127
75 426
75 241
75 458
75 134
75 219
75 363
75 433
75 33
75 429
75 460
75 102
75 161
75 511
75 435
75 436
75 438
75 200
75 231
75 315
75 346
75 8
75 81
75 397
75 489
75 321
75 441
75 131
75 351
75 202
75 47
75 138
75 52
75 89
75 143
75 73
75 92
75 62
75 148
75 20
75 23
75 516
75 209
75 162
393 423
393 539
393 52
393 11
393 43
393 121
393 32
393 35
540 480
242 50
541 433
541 13
541 25
270 332
270 27
270 281
270 259
270 255
270 320
270 251
270 286
270 542
270 32
270 111
270 250
270 543
270 112
270 229
253 368
253 486
177 175
177 176
177 178
177 180
177 181
177 182
177 183
214 76
214 5
214 441
214 56
214 102
214 464
214 25
214 133
214 50
463 138
463 122
463 36
463 5
463 9
463 316
463 35
544 36
545 506
546 480
546 487
546 117
547 548
471 250
471 549
471 550
429 92
429 2
429 5
429 77
429 185
429 9
429 76
429 161
429 151
551 487
367 97
367 22
367 9
367 77
367 5
367 73
367 18
367 369
367 516
367 236
367 247
367 315
367 136
367 157
367 19
552 13
98 435
98 344
98 437
98 83
98 15
98 37
98 60
98 466
98 315
98 217
98 129
98 130
98 241
98 135
98 134
98 202
98 136
98 48
98 51
98 371
98 410
98 383
98 8
98 141
98 91
98 56
98 459
98 62
98 71
98 151
98 553
98 121
98 155
98 156
98 372
98 380
98 161
98 77
98 149
98 434
98 162
274 22
274 2
274 141
274 5
274 460
274 6
274 62
274 127
274 35
554 115
554 320
554 555
554 556
554 286
554 557
554 325
554 326
554 558
554 559
554 560
554 561
554 562
554 563
554 329
554 328
554 298
554 564
554 27
554 565
554 255
554 566
554 258
554 297
554 32
554 289
554 251
554 113
567 568
569 570
569 571
569 163
569 572
569 573
102 7
102 36
102 76
102 466
102 217
102 186
102 187
102 147
102 574
102 91
102 222
102 202
102 97
102 151
102 99
102 534
102 478
102 506
102 344
102 5
102 120
102 78
102 417
102 402
102 11
102 379
102 132
102 145
102 86
102 530
102 140
102 90
102 56
102 385
102 149
102 153
102 156
102 515
102 25
102 96
102 15
102 370
102 241
102 433
102 203
102 575
102 477
102 22
102 432
102 372
102 161
102 435
102 1
102 2
102 37
102 576
102 81
102 83
102 441
102 494
102 133
102 442
102 443
102 89
102 92
102 18
102 365
102 62
102 77
102 23
102 516
102 68
102 209
102 159
577 141
490 7
490 578
490 6
490 36
490 2
490 278
262 105
262 251
262 475
262 284
172 167
172 169
172 168
172 579
172 170
172 171
172 483
434 580
434 2
434 36
434 76
434 15
434 5
434 6
434 417
434 195
434 196
434 87
434 363
434 204
434 464
434 56
434 62
434 148
434 185
434 71
434 35
434 151
581 15
79 7
79 36
79 5
79 6
79 350
79 397
79 467
79 9
79 11
79 582
79 441
79 135
79 133
79 87
79 137
79 51
79 22
79 349
79 88
79 583
79 204
79 140
79 48
79 56
79 77
79 148
79 191
79 21
79 97
79 499
79 71
79 151
79 155
79 156
79 209
79 25
435 151
435 15
435 5
435 94
435 11
435 7
435 50
1 2
1 309
1 5
1 576
1 39
1 451
1 62
1 315
1 507
1 426
1 9
1 11
1 186
1 492
1 86
1 47
1 584
1 119
1 49
1 443
1 52
1 23
1 194
1 90
1 141
1 55
1 73
1 381
1 585
1 385
1 96
1 27
1 501
1 460
1 432
1 586
1 516
1 247
1 157
1 187
2 587
2 116
2 36
2 187
2 15
2 588
2 200
2 122
2 39
2 417
2 248
2 195
2 345
2 81
2 212
2 397
2 127
2 10
2 217
2 534
2 129
2 43
2 204
2 83
2 8
2 132
2 86
2 47
2 584
2 363
2 49
2 51
2 138
2 52
2 23
2 194
2 141
2 55
2 589
2 143
2 73
2 92
2 18
2 9
2 61
2 208
2 20
2 196
2 65
2 430
2 78
2 454
2 144
2 155
2 156
2 516
2 161
2 303
2 235
2 159
2 511
437 151
437 217
437 153
437 361
590 251
590 32
492 22
492 71
492 5
492 39
492 236
483 518
483 168
483 579
483 170
483 85
483 171
483 35
591 592
591 14
591 593
591 586
591 291
591 288
591 594
591 265
461 36
461 206
461 406
315 580
315 187
315 101
315 6
315 125
315 186
315 96
315 595
315 112
315 49
315 501
315 90
315 73
315 19
315 308
315 369
315 161
315 531
315 247
81 7
81 36
81 76
81 5
81 78
81 8
81 397
81 9
81 489
81 11
81 44
81 133
81 147
81 86
81 219
81 15
81 137
81 138
81 52
81 89
81 194
81 73
81 91
81 92
81 222
81 62
81 196
81 191
81 96
81 97
81 56
81 77
81 207
81 35
81 443
81 151
81 49
81 25
201 71
201 36
201 37
201 92
201 196
397 423
397 7
397 596
397 76
397 15
397 5
397 466
397 597
397 39
397 127
397 9
397 453
397 217
397 11
397 129
397 130
397 241
397 187
397 131
397 36
397 236
397 147
397 427
397 138
397 88
397 89
397 141
397 411
397 55
397 91
397 56
397 206
397 469
397 62
397 20
397 77
397 155
397 156
397 516
397 161
397 478
397 159
397 231
573 464
573 571
573 84
573 570
573 598
321 92
321 88
321 217
321 6
321 11
321 129
321 78
321 15
559 105
559 256
559 282
559 275
559 286
559 258
559 32
559 111
559 250
559 251
559 325
559 265
559 343
518 599
518 455
518 600
518 171
518 48
518 241
518 601
518 602
518 603
518 604
518 605
528 362
528 9
528 72
287 251
494 88
494 11
494 161
606 78
595 607
595 92
595 78
595 608
595 398
609 163
330 105
330 327
330 610
330 611
330 612
330 329
330 265
613 163
614 584
615 237
88 344
88 512
88 212
88 36
88 15
88 101
88 200
88 39
88 345
88 125
88 216
88 127
88 241
88 83
88 131
88 508
88 351
88 135
88 147
88 48
88 51
88 52
88 89
88 141
88 161
88 91
88 144
88 92
88 18
88 9
88 61
88 62
88 23
88 196
88 53
88 71
88 616
88 207
88 375
88 154
88 438
88 155
88 156
88 162
88 129
88 243
88 157
282 617
282 256
282 618
282 476
282 619
282 236
282 251
282 4
282 265
574 18
574 186
143 60
143 39
143 127
143 130
143 241
143 36
143 145
143 398
143 49
143 122
143 48
143 90
143 91
143 73
143 56
143 385
143 22
143 92
143 149
143 620
143 159
92 7
92 36
92 621
92 185
92 130
92 187
92 398
92 349
92 48
92 91
92 322
92 196
92 64
92 622
92 534
92 478
92 344
92 623
92 5
92 78
92 452
92 402
92 347
92 11
92 348
92 86
92 93
92 208
92 189
92 385
92 244
92 375
92 157
92 96
92 15
92 350
92 624
92 241
92 134
92 141
92 352
92 207
92 211
92 118
92 309
92 37
92 39
92 231
92 346
92 8
92 441
92 84
92 202
92 47
92 119
92 49
92 52
92 89
92 204
92 243
92 73
92 18
92 446
92 62
92 148
92 20
92 21
92 71
92 469
92 77
92 453
92 308
92 489
92 152
92 129
92 159
18 7
18 116
18 117
18 4
18 6
18 231
18 402
18 11
18 12
18 43
18 361
18 431
18 119
18 479
18 122
18 144
18 19
18 381
18 15
18 21
18 499
18 77
18 99
18 308
18 129
18 157
18 511
444 22
444 464
444 39
250 555
250 306
250 625
250 105
250 281
250 259
250 560
250 285
250 619
250 329
250 626
250 49
250 229
250 29
250 27
250 255
250 256
250 320
250 111
250 251
250 265
605 627
182 175
182 176
182 178
182 180
182 181
182 183
628 629
628 630
628 284
628 631
628 632
628 543
628 340
628 633
628 634
71 7
71 36
71 76
71 121
71 130
71 187
71 477
71 14
71 398
71 635
71 73
71 413
71 478
71 506
71 115
71 5
71 195
71 146
71 11
71 636
71 13
71 348
71 86
71 637
71 479
71 140
71 93
71 208
71 385
71 244
71 206
71 275
71 155
71 156
71 25
71 157
71 96
71 345
71 127
71 507
71 241
71 458
71 134
71 203
71 141
71 260
71 352
71 33
71 22
71 211
71 460
71 161
71 37
71 129
71 47
71 136
71 514
71 52
71 638
71 243
71 91
71 9
71 62
71 148
71 20
71 516
71 159
469 638
469 36
469 140
469 15
469 91
469 56
469 129
469 39
469 6
469 20
469 202
469 35
469 511
77 7
77 36
77 83
77 15
77 5
77 185
77 466
77 39
77 125
77 507
77 9
77 11
77 129
77 130
77 76
77 133
77 236
77 309
77 477
77 202
77 35
77 433
77 122
77 85
77 426
77 140
77 73
77 91
77 322
77 62
77 191
77 21
77 207
77 493
77 364
77 96
77 192
77 511
77 25
500 458
639 105
639 300
639 640
639 329
639 486
639 229
244 641
244 7
244 118
244 15
244 205
244 6
244 8
244 217
244 11
244 129
244 241
244 636
244 46
244 348
244 202
244 48
244 383
244 53
244 243
244 322
244 9
244 20
244 21
244 185
244 211
244 93
244 516
244 161
244 152
244 56
244 352
239 59
403 320
586 281
586 256
586 73
586 122
586 568
586 451
586 119
68 539
68 642
68 480
68 36
68 464
68 15
68 460
68 156
68 643
68 360
68 417
68 478
68 514
68 20
68 8
68 159
531 97
531 153
531 73
531 185
531 39
531 86
531 127
531 137
280 27
280 644
280 565
280 578
280 229
280 320
280 163
280 645
280 329
280 297
280 32
280 300
280 289
280 251
280 646
592 32
592 562
592 340
587 97
116 105
116 204
116 130
116 194
116 163
116 32
116 133
116 477
116 35
116 21
580 647
580 36
580 12
580 91
580 493
580 49
580 309
580 189
580 157
648 341
649 650
44 205
44 38
44 59
44 8
44 133
44 46
44 64
44 48
44 51
44 53
44 54
44 91
44 243
44 57
44 93
44 62
44 208
44 207
44 211
44 152
185 212
185 187
185 200
185 125
185 127
185 452
185 217
185 534
185 241
185 96
185 131
185 86
185 363
185 137
185 51
185 433
185 410
185 89
185 204
185 8
185 348
185 91
185 93
185 352
185 20
185 151
185 78
185 460
185 101
185 155
185 272
185 380
185 322
185 398
185 209
185 159
311 642
311 428
311 480
651 652
651 383
651 329
391 125
391 96
391 23
391 62
391 381
391 447
391 35
391 157
216 349
216 89
216 187
216 73
216 94
216 39
216 151
216 25
216 7
216 190
653 105
641 241
641 118
641 348
641 130
641 211
641 83
641 243
641 322
641 352
641 152
641 93
641 161
641 8
641 137
641 506
187 115
187 7
187 117
187 438
187 200
187 122
187 195
187 125
187 11
187 186
187 130
187 83
187 147
187 86
187 129
187 48
187 52
187 141
187 56
187 19
187 459
187 6
187 620
187 121
187 157
187 351
187 516
187 218
187 192
187 162
187 506
654 105
654 259
654 29
654 286
654 258
654 32
654 329
654 251
654 229
236 22
236 5
236 141
236 636
236 32
236 148
236 130
505 35
505 39
505 316
505 8
51 344
51 36
51 15
51 5
51 38
51 248
51 233
51 11
51 130
51 418
51 202
51 64
51 35
51 140
51 53
51 54
51 73
51 205
51 57
51 59
51 94
51 208
51 86
51 22
51 149
51 151
51 217
51 156
51 25
642 91
642 414
642 39
642 276
642 655
642 35
122 36
122 15
122 5
122 6
122 597
122 417
122 105
122 23
122 146
122 10
122 11
122 186
122 130
122 96
122 134
122 136
122 119
122 480
122 371
122 145
122 62
122 20
122 22
122 460
122 656
122 35
122 156
122 157
122 161
122 256
122 43
122 159
122 25
361 140
361 15
361 141
361 35
657 658
659 656
48 137
48 186
48 224
48 623
48 118
48 5
48 37
48 60
48 350
48 7
48 148
48 217
48 129
48 130
48 241
48 83
48 131
48 385
48 85
48 348
48 86
48 87
48 406
48 15
48 49
48 349
48 8
48 140
48 243
48 73
48 93
48 446
48 352
48 61
48 208
48 189
48 21
48 96
48 97
48 22
48 149
48 207
48 430
48 316
48 211
48 251
48 101
48 91
48 35
48 489
48 636
48 377
48 32
48 516
48 660
48 161
48 478
48 191
48 163
48 159
48 646
222 36
222 5
222 248
661 4
661 572
661 662
322 115
322 241
322 7
322 118
322 8
322 129
322 130
322 636
322 84
322 133
322 85
322 134
322 137
322 152
322 348
322 243
322 73
322 93
322 352
322 20
322 21
322 56
322 151
322 211
322 206
322 155
322 516
322 161
38 37
38 53
38 54
38 205
38 91
38 59
38 46
38 62
38 208
38 64
598 594
598 663
598 190
598 359
196 7
196 623
196 36
196 76
196 78
196 231
196 248
196 497
196 9
196 233
196 11
196 12
196 458
196 138
196 89
196 73
196 430
196 157
196 364
196 159
196 25
97 599
97 344
97 36
97 350
97 402
97 43
97 309
97 134
97 52
97 647
97 440
97 575
97 61
97 375
97 153
97 101
97 376
97 377
97 478
22 465
22 309
22 37
22 52
22 507
22 105
22 402
22 10
22 43
22 664
22 560
22 458
22 45
22 369
22 477
22 584
22 398
22 49
22 194
22 141
22 55
22 91
22 144
22 412
22 481
22 260
22 446
22 385
22 539
22 303
22 256
22 265
22 275
22 119
22 23
22 542
22 157
22 524
22 413
22 235
22 258
27 323
27 333
27 560
27 281
27 229
27 29
27 284
27 260
27 565
27 255
27 256
27 332
27 32
27 265
27 251
27 319
27 113
64 623
64 36
64 8
64 43
64 349
64 53
64 54
64 73
64 205
64 57
64 9
64 208
64 63
64 59
64 65
64 455
64 159
406 105
406 5
406 665
406 6
406 646
622 362
622 72
622 316
534 129
534 238
534 408
534 21
534 25
258 332
258 666
258 667
258 668
258 37
258 323
258 286
258 416
258 325
258 105
258 326
258 281
258 475
258 108
258 328
258 563
258 329
258 237
258 15
258 640
258 252
258 29
258 412
258 260
258 669
258 368
258 251
258 333
258 119
258 376
258 229
258 265
49 599
49 36
49 37
49 417
49 11
49 584
49 119
49 90
49 91
49 365
49 601
49 189
49 385
49 87
49 207
49 530
49 369
49 344
49 159
49 247
251 115
251 670
251 555
251 5
251 323
251 286
251 608
251 671
251 325
251 666
251 105
251 327
251 333
251 617
251 283
251 560
251 561
251 619
251 542
251 328
251 563
251 562
251 626
251 672
251 480
251 252
251 673
251 31
251 284
251 593
251 476
251 298
251 260
251 612
251 674
251 331
251 112
251 320
251 255
251 256
251 332
251 297
251 326
251 32
251 265
251 611
251 289
251 229
251 675
251 113
676 677
506 7
506 140
506 96
506 443
506 94
506 161
506 125
506 8
115 36
115 76
115 15
115 6
115 105
115 9
115 11
115 130
115 133
115 678
115 47
115 35
115 138
115 5
115 73
115 289
115 189
115 149
115 679
115 255
115 32
115 161
115 478
115 209
115 25
680 105
680 681
682 625
682 188
682 476
623 436
623 129
623 159
555 566
555 560
555 332
555 286
106 286
443 135
443 151
443 153
443 5
443 101
443 36
443 76
443 133
443 161
443 145
443 148
120 433
120 190
120 381
120 36
120 5
120 32
120 76
120 7
120 21
417 62
417 430
417 141
417 37
417 132
417 147
417 148
417 10
451 36
451 73
451 308
451 516
451 8
195 105
195 89
195 466
195 15
195 5
195 37
195 78
195 446
195 62
195 119
683 45
410 11
410 15
410 73
410 56
410 398
402 9
402 204
402 36
402 141
402 235
402 127
402 385
684 685
566 329
11 407
11 466
11 408
11 87
11 137
11 91
11 478
11 6
11 78
11 9
11 347
11 85
11 86
11 348
11 90
11 56
11 93
11 208
11 149
11 101
11 155
11 247
11 96
11 436
11 94
11 125
11 370
11 241
11 50
11 141
11 352
11 316
11 211
11 460
11 432
11 376
11 161
11 37
11 231
11 198
11 346
11 10
11 83
11 351
11 202
11 47
11 52
11 89
11 204
11 243
11 446
11 62
11 148
11 20
11 207
11 32
11 129
11 159
400 298
400 111
400 686
400 113
418 7
418 217
418 156
687 206
687 375
688 4
237 52
237 689
480 537
480 675
480 538
480 83
480 141
480 357
480 690
480 144
480 691
480 692
480 62
480 157
480 693
610 32
694 560
90 7
90 36
90 96
90 5
90 186
90 133
90 141
90 91
90 37
90 459
90 62
90 148
90 99
90 303
90 25
695 548
695 241
695 477
168 169
168 170
168 171
93 7
93 118
93 636
93 15
93 5
93 205
93 6
93 8
93 129
93 241
93 46
93 348
93 53
93 243
93 352
93 62
93 20
93 21
93 211
93 516
93 152
93 161
93 56
601 225
696 578
616 475
375 381
375 15
375 94
375 350
375 376
375 377
375 464
375 134
375 478
697 209
224 5
224 101
224 151
224 137
224 133
224 159
224 25
101 344
101 7
101 487
101 5
101 127
101 8
101 347
101 217
101 83
101 131
101 508
101 36
101 133
101 134
101 147
101 87
101 140
101 141
101 73
101 144
101 56
101 145
101 206
101 61
101 148
101 149
101 84
101 78
101 155
101 161
101 478
101 153
101 25
291 698
291 470
291 357
291 699
291 618
291 550
351 151
351 15
351 87
276 5
276 151
700 112
486 14
486 701
486 265
247 52
247 141
247 96
247 78
247 413
247 125
247 511
423 702
423 4
423 91
664 303
178 175
178 176
178 43
178 180
178 181
178 183
548 207
548 430
548 36
548 186
548 96
548 91
548 73
548 248
548 189
548 119
83 7
83 15
83 5
83 94
83 6
83 8
83 130
83 133
83 137
83 479
83 204
83 140
83 141
83 144
83 460
83 35
83 151
94 344
94 436
94 212
94 117
94 36
94 60
94 200
94 231
94 217
94 218
94 43
94 508
94 145
94 147
94 87
94 50
94 378
94 52
94 140
94 141
94 37
94 459
94 61
94 62
94 189
94 121
94 448
94 137
94 162
94 25
286 320
286 556
286 703
286 163
286 558
286 557
286 105
286 326
286 332
286 259
286 560
286 561
286 328
286 563
286 329
286 626
286 112
286 675
286 678
286 29
286 669
286 564
286 331
286 255
286 281
286 672
286 32
286 289
286 229
175 176
175 43
175 180
175 181
175 183
62 36
62 76
62 466
62 217
62 96
62 349
62 53
62 73
62 478
62 192
62 25
62 5
62 78
62 9
62 379
62 145
62 348
62 55
62 144
62 56
62 208
62 385
62 155
62 156
62 15
62 125
62 127
62 20
62 294
62 219
62 35
62 704
62 19
62 316
62 460
62 161
62 118
62 59
62 10
62 131
62 570
62 133
62 514
62 16
62 89
62 204
62 91
62 381
62 148
62 191
62 21
62 445
62 209
62 159
62 352
624 78
624 5
705 144
127 344
127 7
127 76
127 200
127 39
127 149
127 125
127 9
127 453
127 129
127 131
127 133
127 309
127 134
127 147
127 86
127 119
127 52
127 89
127 204
127 140
127 141
127 37
127 56
127 145
127 148
127 20
127 162
127 207
127 154
127 144
127 155
127 23
127 380
127 153
127 159
327 105
327 303
327 611
259 281
259 706
259 32
259 261
259 112
259 265
241 7
241 118
241 76
241 15
241 407
241 37
241 6
241 466
241 371
241 231
241 345
241 125
241 9
241 129
241 130
241 84
241 36
241 385
241 442
241 47
241 5
241 383
241 204
241 8
241 348
241 73
241 91
241 206
241 202
241 21
241 430
241 56
241 211
241 155
241 156
241 636
241 516
241 152
241 161
241 149
241 25
241 243
241 352
294 631
294 225
294 76
134 7
134 5
134 350
134 39
134 376
134 56
134 377
134 478
427 15
427 5
427 151
363 453
363 15
363 163
363 35
363 6
363 206
363 225
363 21
707 475
203 380
203 50
708 15
708 91
364 5
364 56
364 35
364 159
364 133
709 710
709 711
141 7
141 36
141 6
141 9
141 712
141 379
141 131
141 55
141 133
141 85
141 76
141 86
141 87
141 15
141 137
141 349
141 204
141 140
141 161
141 91
141 414
141 208
141 316
141 385
141 412
141 149
141 151
141 207
141 303
141 12
141 436
141 35
141 432
141 129
141 78
141 478
141 209
141 25
284 675
284 5
284 306
284 380
284 260
284 32
284 112
298 265
298 113
362 496
362 35
260 36
260 323
260 713
260 325
260 105
260 281
260 475
260 188
260 328
260 112
260 229
260 138
260 29
260 476
260 73
260 319
260 320
260 665
260 111
260 159
498 25
33 204
33 15
33 5
33 9
33 151
33 21
316 52
316 7
316 129
316 130
316 15
316 136
447 5
447 39
447 714
447 35
468 6
715 716
715 717
539 368
539 146
539 303
539 487
539 23
539 497
539 159
303 144
303 5
303 19
303 61
303 39
303 15
303 35
303 265
303 202
718 32
431 39
256 105
256 252
256 333
256 55
256 476
256 285
256 29
211 7
211 118
211 15
211 5
211 205
211 6
211 8
211 129
211 636
211 46
211 348
211 152
211 140
211 53
211 243
211 163
211 352
211 20
211 21
211 56
211 151
211 516
211 161
719 470
297 105
297 702
297 14
297 560
297 32
297 329
297 325
579 171
579 167
579 169
235 309
235 15
235 5
235 23
720 380
720 32
720 487
511 6
511 39
511 8
306 721
306 550
205 152
205 118
205 501
205 464
205 53
205 243
205 57
205 46
205 208
205 8
205 159
200 140
200 131
200 39
200 129
200 151
200 133
200 137
200 25
198 199
198 91
198 78
722 156
346 149
346 5
346 91
346 148
8 7
8 117
8 118
8 15
8 5
8 6
8 121
8 125
8 217
8 129
8 130
8 507
8 36
8 636
8 133
8 46
8 76
8 442
8 35
8 433
8 204
8 348
8 53
8 55
8 91
8 446
8 352
8 723
8 20
8 202
8 21
8 96
8 149
8 209
8 620
8 155
8 151
8 516
8 152
8 161
8 56
8 243
105 668
105 323
105 325
105 332
105 611
105 560
105 108
105 563
105 678
105 626
105 640
105 252
105 320
105 672
105 542
105 32
105 691
105 289
105 229
617 625
617 464
617 329
475 368
475 252
475 666
475 724
475 341
475 289
84 349
84 36
84 130
84 91
84 15
84 35
84 73
445 7
445 155
445 380
55 15
55 5
55 39
55 36
55 132
55 133
55 477
55 35
55 204
55 156
55 275
55 23
55 161
55 192
55 157
442 15
442 151
47 36
47 5
47 248
47 145
47 140
47 91
47 73
47 56
47 725
47 157
136 7
136 15
136 621
136 133
136 35
136 204
136 56
136 20
136 206
136 376
119 36
119 15
119 5
119 78
119 390
119 584
119 726
119 159
119 25
629 727
629 163
371 23
371 376
371 5
371 231
371 39
371 35
728 726
89 344
89 7
89 729
89 76
89 15
89 5
89 78
89 231
89 507
89 347
89 233
89 186
89 458
89 133
89 35
89 138
89 204
89 91
89 144
89 413
89 56
89 149
89 207
89 478
89 153
89 157
89 25
638 20
464 360
464 730
464 347
464 53
464 731
464 56
464 608
464 732
464 733
464 199
357 13
357 550
476 318
476 261
476 281
476 734
476 323
476 339
476 341
476 252
476 331
476 735
731 711
731 190
731 163
731 736
731 737
731 380
731 738
526 190
146 514
146 589
146 56
146 6
146 35
446 5
446 233
446 204
446 275
446 432
446 36
446 206
446 39
446 15
446 35
446 25
148 7
148 36
148 76
148 5
148 466
148 39
148 233
148 385
148 238
148 87
148 15
148 204
148 9
148 21
148 149
148 151
148 156
148 516
148 25
148 159
148 231
20 7
20 118
20 36
20 15
20 163
20 414
20 458
20 125
20 217
20 129
20 341
20 147
20 454
20 137
20 155
20 348
20 243
20 37
20 145
20 6
20 149
20 430
20 23
20 157
20 152
20 161
20 162
20 159
20 25
453 9
453 5
23 5
23 6
23 16
23 186
23 43
23 458
23 36
23 108
23 35
23 204
23 91
23 144
23 192
23 154
23 275
265 163
265 326
265 281
265 285
265 31
265 563
265 329
265 229
265 14
265 29
265 593
265 669
265 112
265 255
265 333
265 686
265 111
265 113
152 7
152 465
152 118
152 5
152 6
152 129
152 636
152 46
152 52
152 348
152 53
152 243
152 352
152 21
152 56
152 516
152 161
379 36
379 186
379 5
379 96
379 380
19 36
19 37
19 154
19 130
19 96
19 507
19 409
19 145
19 52
19 726
19 207
19 739
19 157
667 4
740 329
76 436
76 344
76 703
76 163
76 466
76 231
76 248
76 441
76 145
76 86
76 87
76 383
76 204
76 91
76 37
76 9
76 202
76 21
76 553
76 6
76 219
76 207
76 121
76 155
76 156
76 151
76 161
76 192
76 415
76 433
76 209
76 162
407 149
407 91
407 78
407 129
407 151
407 87
407 231
621 37
588 186
588 15
538 409
564 703
212 140
212 5
212 131
212 372
212 39
212 133
212 85
677 320
318 662
318 300
281 285
281 31
281 329
281 626
281 229
281 29
281 368
281 669
281 255
281 319
281 32
281 111
281 289
281 113
227 741
354 163
130 612
130 121
130 155
130 383
130 217
130 129
130 43
130 132
130 133
130 85
130 145
130 219
130 35
130 190
130 204
130 636
130 91
130 163
130 726
130 189
130 21
130 96
130 530
130 151
130 516
130 161
130 162
130 646
691 679
691 275
691 593
691 479
691 550
742 743
742 4
744 289
631 745
631 746
631 747
631 748
749 263
750 31
409 15
147 7
147 36
147 96
147 15
147 35
147 137
147 140
147 151
543 710
543 751
543 470
87 7
87 36
87 5
87 466
87 248
87 233
87 238
87 85
87 433
87 140
87 73
87 56
87 60
87 149
87 151
87 372
87 137
87 25
752 753
229 323
229 332
229 285
229 754
229 14
229 329
229 734
229 29
229 268
229 319
229 333
229 672
229 542
675 320
755 163
252 31
252 32
252 289
194 36
194 91
194 206
194 248
194 25
194 137
194 479
411 9
411 204
91 7
91 118
91 36
91 15
91 78
91 231
91 248
91 497
91 125
91 426
91 370
91 507
91 135
91 86
91 53
91 207
91 73
91 37
91 144
91 191
91 385
91 96
91 56
91 501
91 308
91 398
91 157
91 349
91 137
91 162
91 192
91 489
91 243
91 159
91 25
412 5
412 275
412 32
412 151
412 35
413 15
413 163
413 73
413 712
288 487
288 112
61 217
61 478
61 460
61 163
61 16
61 133
61 161
61 145
61 125
61 159
655 52
756 537
63 757
499 15
499 190
758 157
99 426
99 117
99 285
99 432
99 192
99 25
99 29
99 96
466 36
466 5
466 78
466 248
466 125
466 96
466 202
466 190
466 432
466 25
686 32
686 113
299 112
192 36
192 56
192 35
192 380
192 159
717 537
717 743
717 759
717 5
25 344
25 436
25 248
25 125
25 425
25 347
25 217
25 131
25 202
25 137
25 50
25 433
25 208
25 86
25 553
25 432
25 207
25 430
25 121
25 370
25 481
25 155
25 489
25 151
25 162
25 161
25 78
25 478
25 449
25 415
25 153
25 159
599 583
4 760
4 356
4 561
4 132
4 433
4 470
4 620
4 320
4 432
4 369
4 340
5 597
5 217
5 408
5 238
5 151
5 43
5 132
5 527
5 86
5 454
5 524
5 144
5 385
5 153
5 275
5 155
5 156
5 157
5 283
5 344
5 60
5 125
5 425
5 507
5 426
5 219
5 433
5 383
5 6
5 78
5 460
5 432
5 376
5 161
5 436
5 37
5 154
5 231
5 248
5 415
5 233
5 129
5 202
5 138
5 52
5 204
5 589
5 9
5 21
5 347
5 162
5 12
5 209
5 159
390 186
390 398
558 289
558 326
452 151
452 465
452 15
335 550
347 149
347 737
347 186
347 6
347 86
582 381
582 163
582 646
43 36
43 309
43 487
43 163
43 7
43 183
43 9
43 186
43 132
43 133
43 35
43 138
43 16
43 73
43 56
43 180
43 381
43 208
43 149
43 460
43 24
43 209
636 344
636 7
636 118
636 348
636 243
636 163
636 129
636 516
636 73
636 352
135 140
135 7
135 145
135 73
135 133
13 190
13 487
13 380
13 568
13 761
13 381
13 762
678 255
678 32
678 289
716 479
530 432
479 7
479 156
479 656
479 157
132 129
132 15
132 507
14 619
14 329
14 248
759 763
29 255
29 560
29 285
29 542
29 32
509 372
144 15
144 9
144 129
144 161
144 151
144 186
144 159
56 344
56 118
56 163
56 60
56 6
56 125
56 764
56 131
56 133
56 433
56 348
56 243
56 145
56 9
56 208
56 620
56 155
56 151
765 766
765 753
422 7
422 35
171 169
171 170
45 138
45 204
45 460
45 597
45 381
45 112
45 35
189 117
189 231
189 15
189 60
189 37
189 137
385 36
385 15
385 6
385 121
385 39
385 248
385 9
385 133
385 73
385 21
385 207
385 35
385 516
385 163
278 39
278 349
368 31
607 408
607 238
607 525
153 344
153 15
153 7
153 131
153 133
153 50
153 140
153 151
153 155
153 156
153 380
153 161
154 204
154 15
481 186
481 191
156 436
156 7
156 36
156 9
156 133
156 140
156 202
156 35
156 137
156 163
156 149
156 430
156 372
156 161
380 39
380 416
380 764
380 283
380 513
380 131
380 140
380 341
380 35
380 762
380 190
380 73
380 381
380 308
380 32
380 524
369 73
261 625
261 329
111 255
111 32
157 36
157 78
157 39
157 426
157 584
157 487
157 73
157 381
157 460
157 159
630 741
28 767
15 7
15 117
15 36
15 96
15 398
15 349
15 151
15 430
15 9
15 85
15 145
15 86
15 208
15 501
15 608
15 416
15 125
15 426
15 433
15 78
15 432
15 161
15 395
15 465
15 118
15 155
15 233
15 131
15 138
15 204
15 243
15 191
15 21
15 207
15 129
15 162
768 349
345 460
345 163
345 52
766 753
766 769
557 770
507 36
507 7
507 497
507 191
426 151
426 36
426 37
426 309
426 96
370 207
370 37
370 133
370 309
370 35
332 326
332 255
332 320
332 285
332 31
332 626
332 112
118 7
118 6
118 129
118 46
118 145
118 348
118 53
118 352
118 21
118 155
118 516
118 161
118 243
458 204
458 86
458 35
747 300
341 356
341 9
341 703
341 568
341 112
408 9
408 121
408 137
219 7
219 73
219 570
219 21
219 159
633 331
633 771
772 300
50 217
50 131
50 133
50 137
50 208
50 149
50 151
50 478
383 53
383 36
383 460
383 73
383 21
383 86
734 329
734 300
699 6
699 773
699 238
632 625
65 57
553 149
553 39
553 202
448 186
448 433
448 9
320 560
320 108
320 32
320 619
320 112
320 646
496 72
372 7
542 285
542 32
542 562
137 344
137 36
137 248
137 217
137 441
137 52
137 151
137 207
137 121
137 155
137 432
137 161
137 415
137 162
524 527
348 7
348 163
348 6
348 129
348 243
348 352
348 21
348 516
348 161
774 112
436 149
436 140
436 161
436 151
436 208
436 133
512 151
512 465
465 207
465 775
465 73
465 6
465 640
349 769
349 78
349 36
349 350
349 73
349 231
349 159
221 149
221 209
231 7
231 78
231 248
231 133
248 7
248 36
248 140
248 39
248 202
248 52
248 550
248 149
248 207
248 32
776 36
776 163
777 743
712 9
712 96
712 112
712 159
771 778
233 138
233 36
233 78
283 487
283 779
513 163
568 514
133 7
133 344
133 217
133 131
133 86
133 138
133 204
133 53
133 73
133 206
133 191
133 430
133 121
133 425
133 460
133 155
133 432
133 161
133 433
133 209
133 162
333 323
202 36
202 85
202 140
202 73
650 665
53 217
53 46
53 73
53 140
53 54
53 243
53 57
53 59
53 208
53 149
53 163
53 159
640 329
640 325
640 113
780 478
780 149
780 151
138 7
138 36
138 21
138 151
138 430
138 161
52 78
52 7
52 129
52 46
52 86
52 398
52 204
52 140
52 73
52 151
52 430
52 275
52 24
52 478
52 209
647 208
204 7
204 36
204 78
204 39
204 208
204 309
204 145
204 37
204 9
204 96
204 151
204 620
204 155
204 159
54 73
54 46
54 208
54 159
359 570
381 272
381 257
381 39
381 781
21 7
21 36
21 576
21 85
21 140
21 243
21 352
21 155
21 32
21 161
21 162
704 206
704 151
207 7
207 78
207 96
207 131
207 140
207 73
207 9
207 208
207 151
207 501
207 308
207 35
207 497
207 376
255 560
255 328
255 563
255 626
255 782
255 565
255 32
255 289
319 32
272 131
272 6
272 151
169 170
32 668
32 612
32 326
32 112
32 217
32 560
32 285
32 561
32 619
32 328
32 398
32 563
32 31
32 300
32 669
32 331
32 783
32 565
32 289
516 7
516 36
516 163
516 78
516 597
516 145
516 243
516 73
516 57
516 352
516 151
516 489
516 149
243 7
243 36
243 6
243 129
243 46
243 352
243 161
162 7
162 6
162 125
162 131
162 35
162 140
162 73
162 208
162 149
162 151
162 161
162 478
550 721
7 163
7 217
7 238
7 151
7 478
7 415
7 344
7 9
7 85
7 140
7 145
7 86
7 206
7 149
7 155
7 352
7 477
7 6
7 430
7 161
7 10
7 131
7 159
117 478
117 35
117 73
36 186
36 96
36 398
36 232
36 24
36 360
36 9
36 206
36 155
36 60
36 125
36 438
36 433
36 477
36 460
36 432
36 161
36 39
36 489
36 209
36 159
36 352
784 662
668 108
163 785
163 60
163 125
163 773
163 131
163 46
163 769
163 685
163 206
163 208
163 786
163 787
163 753
163 679
163 788
163 489
163 289
163 225
163 165
121 35
121 140
121 151
121 275
121 161
121 149
430 129
430 96
430 309
430 151
738 711
131 344
131 217
131 129
131 86
131 433
131 140
131 151
131 155
131 161
131 159
325 329
325 331
217 9
217 562
217 145
217 140
217 208
217 35
217 151
217 161
217 478
186 6
186 9
186 73
186 96
96 86
96 584
96 398
96 140
96 73
96 656
96 35
96 432
108 779
108 323
108 112
563 328
563 626
329 323
329 113
477 9
477 24
477 352
477 161
477 725
477 35
767 188
767 789
398 625
398 78
398 129
398 188
398 73
398 6
398 161
662 743
662 527
232 6
176 180
176 181
176 183
73 344
73 438
73 78
73 39
73 497
73 9
73 309
73 433
73 37
73 86
73 501
73 308
73 489
73 376
73 159
60 350
60 86
60 140
60 151
60 161
60 159
300 790
300 113
669 289
669 113
181 180
181 183
151 415
151 344
151 145
151 140
151 206
151 149
151 155
151 433
151 432
151 376
151 161
151 440
151 441
151 191
151 791
151 489
24 6
24 376
24 35
24 792
289 560
289 31
289 328
289 112
328 565
514 454
514 459
514 35
703 416
6 39
6 129
6 35
6 161
6 352
6 206
6 149
6 460
6 308
6 155
6 209
6 159
78 344
78 729
78 497
78 620
78 438
78 129
170 167
658 583
125 39
125 441
125 140
125 37
125 35
793 730
9 39
9 129
9 37
9 478
9 454
9 161
736 416
508 140
113 794
183 180
145 344
145 35
145 161
86 344
86 140
86 149
112 612
112 782
112 665
72 10
72 795
454 460
454 140
769 753
140 344
140 425
140 441
140 206
140 208
140 155
140 161
593 326
57 46
57 159
206 729
206 39
208 344
208 149
208 59
149 129
149 155
149 161
796 487
275 783
155 39
155 35
155 161
155 159
377 350
377 376
515 35
600 190
670 487
344 478
724 31
350 376
191 584
797 35
31 612
31 798
31 331
352 161
478 376
460 161
432 35
35 497
35 129
35 277
35 783
35 376
35 161
35 449
35 165
161 39
161 129
161 159
788 646
438 39
438 159
37 39
37 159
39 129
39 159
129 159
560 331
441 209
277 209
